,scan_begin,scan_end,rt_begin,rt_end,i,mz,mz_mean,points
0,0.0,0.0,0.116381,0.116381,3084.5517578125,71.04889678955078,71.04889678955078,1.0
1,0.0,0.0,0.116381,0.116381,2611.45166015625,74.99864959716797,74.99864959716797,1.0
2,0.0,0.0,0.116381,0.116381,1885.6492919921875,77.3807144165039,77.3807144165039,1.0
3,0.0,0.0,0.116381,0.116381,2079.489990234375,79.50580596923828,79.50580596923828,1.0
4,0.0,0.0,0.116381,0.116381,2375.842041015625,81.10726928710938,81.10726928710938,1.0
5,0.0,0.0,0.116381,0.116381,4910.9794921875,83.0604476928711,83.0604476928711,1.0
6,0.0,0.0,0.116381,0.116381,2418.22802734375,83.44464874267578,83.44464874267578,1.0
7,0.0,0.0,0.116381,0.116381,2043.977783203125,87.50753021240234,87.50753021240234,1.0
8,0.0,0.0,0.116381,0.116381,9953.890625,88.07575225830078,88.07575225830078,1.0
9,0.0,0.0,0.116381,0.116381,3098.09716796875,88.11207580566406,88.11207580566406,1.0
10,0.0,0.0,0.116381,0.116381,10066.8271484375,89.0597152709961,89.0597152709961,1.0
11,0.0,0.0,0.116381,0.116381,9694.0625,95.06043243408203,95.06043243408203,1.0
12,0.0,0.0,0.116381,0.116381,1967.1846923828125,95.08573913574219,95.08573913574219,1.0
13,0.0,0.0,0.116381,0.116381,12376.6396484375,96.04444885253906,96.04444885253906,1.0
14,0.0,0.0,0.116381,0.116381,2508.395751953125,96.0807876586914,96.0807876586914,1.0
15,0.0,0.0,0.116381,0.116381,2651.24462890625,97.03971862792969,97.03971862792969,1.0
16,0.0,0.0,0.116381,0.116381,4852.421875,97.07618713378906,97.07618713378906,1.0
17,0.0,0.0,0.116381,0.116381,2225.541259765625,97.59188842773438,97.59188842773438,1.0
18,0.0,0.0,0.116381,0.116381,5768.9892578125,97.99140930175781,97.99140930175781,1.0
19,0.0,0.0,0.116381,0.116381,11090.3310546875,98.06008911132812,98.06008911132812,1.0
20,0.0,0.0,0.116381,0.116381,19557.853515625,100.07575225830078,100.07575225830078,1.0
21,0.0,0.0,0.116381,0.116381,13205.916015625,100.11210632324219,100.11210632324219,1.0
22,0.0,0.0,0.116381,0.116381,4199.626953125,101.07107543945312,101.07107543945312,1.0
23,0.0,0.0,0.116381,0.116381,3439.62646484375,101.10745239257812,101.10745239257812,1.0
24,0.0,0.0,0.116381,0.116381,36796.59765625,102.12781524658203,102.12781524658203,1.0
25,0.0,0.0,0.116381,0.116381,21341.044921875,103.955322265625,103.955322265625,1.0
26,0.0,0.0,0.116381,0.116381,28481.572265625,104.07066345214844,104.07066345214844,1.0
27,0.0,0.0,0.116381,0.116381,154692.5625,104.10706329345703,104.10706329345703,1.0
28,0.0,0.0,0.116381,0.116381,2127.426025390625,104.86931610107422,104.86931610107422,1.0
29,0.0,0.0,0.116381,0.116381,19376.6953125,105.04244995117188,105.04244995117188,1.0
30,0.0,0.0,0.116381,0.116381,4890.2958984375,105.0699691772461,105.0699691772461,1.0
31,0.0,0.0,0.116381,0.116381,8872.859375,105.11050415039062,105.11050415039062,1.0
32,0.0,0.0,0.116381,0.116381,2009.13427734375,105.91679382324219,105.91679382324219,1.0
33,0.0,0.0,0.116381,0.116381,4970.78173828125,105.95368194580078,105.95368194580078,1.0
34,0.0,0.0,0.116381,0.116381,3373.61767578125,107.06047058105469,107.06047058105469,1.0
35,0.0,0.0,0.116381,0.116381,17145.1328125,107.0703353881836,107.0703353881836,1.0
36,0.0,0.0,0.116381,0.116381,5831.640625,108.04447174072266,108.04447174072266,1.0
37,0.0,0.0,0.116381,0.116381,12825.5869140625,109.07621002197266,109.07621002197266,1.0
38,0.0,0.0,0.116381,0.116381,2204.86181640625,109.1012191772461,109.1012191772461,1.0
39,0.0,0.0,0.116381,0.116381,47642.02734375,110.06015014648438,110.06015014648438,1.0
40,0.0,0.0,0.116381,0.116381,2470.943115234375,110.07148742675781,110.07148742675781,1.0
41,0.0,0.0,0.116381,0.116381,4113.67333984375,111.04424285888672,111.04424285888672,1.0
42,0.0,0.0,0.116381,0.116381,40267.83984375,111.05540466308594,111.05540466308594,1.0
43,0.0,0.0,0.116381,0.116381,19782.728515625,111.09175872802734,111.09175872802734,1.0
44,0.0,0.0,0.116381,0.116381,3609.3974609375,111.1167984008789,111.1167984008789,1.0
45,0.0,0.0,0.116381,0.116381,2179.095703125,111.41930389404297,111.41930389404297,1.0
46,0.0,0.0,0.116381,0.116381,4161.72705078125,112.03945922851562,112.03945922851562,1.0
47,0.0,0.0,0.116381,0.116381,3596.91552734375,112.05059051513672,112.05059051513672,1.0
48,0.0,0.0,0.116381,0.116381,2141.85302734375,112.0758285522461,112.0758285522461,1.0
49,0.0,0.0,0.116381,0.116381,75844.7421875,112.08702087402344,112.08702087402344,1.0
50,0.0,0.0,0.116381,0.116381,5844.9208984375,113.059814453125,113.059814453125,1.0
51,0.0,0.0,0.116381,0.116381,20587.841796875,113.0710220336914,113.0710220336914,1.0
52,0.0,0.0,0.116381,0.116381,25321.697265625,113.10736846923828,113.10736846923828,1.0
53,0.0,0.0,0.116381,0.116381,15527.7734375,114.05508422851562,114.05508422851562,1.0
54,0.0,0.0,0.116381,0.116381,3369.200927734375,114.06634521484375,114.06634521484375,1.0
55,0.0,0.0,0.116381,0.116381,42990.0078125,114.0914535522461,114.0914535522461,1.0
56,0.0,0.0,0.116381,0.116381,5735.80322265625,114.10274505615234,114.10274505615234,1.0
57,0.0,0.0,0.116381,0.116381,3218.134033203125,114.1278305053711,114.1278305053711,1.0
58,0.0,0.0,0.116381,0.116381,4908.1064453125,115.12310028076172,115.12310028076172,1.0
59,0.0,0.0,0.116381,0.116381,17208.1015625,116.05292510986328,116.05292510986328,1.0
60,0.0,0.0,0.116381,0.116381,286848.4375,116.07071685791016,116.07071685791016,1.0
61,0.0,0.0,0.116381,0.116381,3146.72705078125,116.0820083618164,116.0820083618164,1.0
62,0.0,0.0,0.116381,0.116381,2477.609375,116.10718536376953,116.10718536376953,1.0
63,0.0,0.0,0.116381,0.116381,2653.217041015625,117.05461883544922,117.05461883544922,1.0
64,0.0,0.0,0.116381,0.116381,17003.37890625,117.07408142089844,117.07408142089844,1.0
65,0.0,0.0,0.116381,0.116381,11484.9169921875,117.09112548828125,117.09112548828125,1.0
66,0.0,0.0,0.116381,0.116381,3430.247802734375,117.10234069824219,117.10234069824219,1.0
67,0.0,0.0,0.116381,0.116381,138679.171875,118.08633422851562,118.08633422851562,1.0
68,0.0,0.0,0.116381,0.116381,4741.048828125,119.06053161621094,119.06053161621094,1.0
69,0.0,0.0,0.116381,0.116381,9871.494140625,119.08972930908203,119.08972930908203,1.0
70,0.0,0.0,0.116381,0.116381,1950.4027099609375,119.98857116699219,119.98857116699219,1.0
71,0.0,0.0,0.116381,0.116381,3851.023681640625,120.06558227539062,120.06558227539062,1.0
72,0.0,0.0,0.116381,0.116381,3210.839599609375,120.10199737548828,120.10199737548828,1.0
73,0.0,0.0,0.116381,0.116381,5378.52392578125,121.03974914550781,121.03974914550781,1.0
74,0.0,0.0,0.116381,0.116381,423519.6875,121.06491088867188,121.06491088867188,1.0
75,0.0,0.0,0.116381,0.116381,3831.872314453125,121.07621002197266,121.07621002197266,1.0
76,0.0,0.0,0.116381,0.116381,4832.37646484375,122.06017303466797,122.06017303466797,1.0
77,0.0,0.0,0.116381,0.116381,42215.55859375,122.06824493408203,122.06824493408203,1.0
78,0.0,0.0,0.116381,0.116381,2369.269775390625,122.0714111328125,122.0714111328125,1.0
79,0.0,0.0,0.116381,0.116381,9740.6708984375,122.54722595214844,122.54722595214844,1.0
80,0.0,0.0,0.116381,0.116381,1977.0211181640625,122.85472869873047,122.85472869873047,1.0
81,0.0,0.0,0.116381,0.116381,17172.15625,123.0403823852539,123.0403823852539,1.0
82,0.0,0.0,0.116381,0.116381,4106.39111328125,123.05545806884766,123.05545806884766,1.0
83,0.0,0.0,0.116381,0.116381,5511.86865234375,123.09175109863281,123.09175109863281,1.0
84,0.0,0.0,0.116381,0.116381,12218.87890625,124.03941345214844,124.03941345214844,1.0
85,0.0,0.0,0.116381,0.116381,5777.29736328125,124.07588958740234,124.07588958740234,1.0
86,0.0,0.0,0.116381,0.116381,4640.8896484375,124.08711242675781,124.08711242675781,1.0
87,0.0,0.0,0.116381,0.116381,100199.3359375,125.07108306884766,125.07108306884766,1.0
88,0.0,0.0,0.116381,0.116381,2755.595947265625,125.0961685180664,125.0961685180664,1.0
89,0.0,0.0,0.116381,0.116381,48191.50390625,125.10749053955078,125.10749053955078,1.0
90,0.0,0.0,0.116381,0.116381,686923.0,126.05508422851562,126.05508422851562,1.0
91,0.0,0.0,0.116381,0.116381,5159.6650390625,126.0744857788086,126.0744857788086,1.0
92,0.0,0.0,0.116381,0.116381,10408.1318359375,126.09141540527344,126.09141540527344,1.0
93,0.0,0.0,0.116381,0.116381,25096.029296875,127.0391845703125,127.0391845703125,1.0
94,0.0,0.0,0.116381,0.116381,2813.9384765625,127.05208587646484,127.05208587646484,1.0
95,0.0,0.0,0.116381,0.116381,43532.1953125,127.05840301513672,127.05840301513672,1.0
96,0.0,0.0,0.116381,0.116381,40596.59375,127.0866928100586,127.0866928100586,1.0
97,0.0,0.0,0.116381,0.116381,4361.44091796875,128.0592498779297,128.0592498779297,1.0
98,0.0,0.0,0.116381,0.116381,41412.71484375,128.07069396972656,128.07069396972656,1.0
99,0.0,0.0,0.116381,0.116381,5731.26025390625,128.08197021484375,128.08197021484375,1.0
100,0.0,0.0,0.116381,0.116381,3067.0419921875,128.090087890625,128.090087890625,1.0
101,0.0,0.0,0.116381,0.116381,17012.60546875,128.1070556640625,128.1070556640625,1.0
102,0.0,0.0,0.116381,0.116381,2941.008056640625,128.14352416992188,128.14352416992188,1.0
103,0.0,0.0,0.116381,0.116381,71956.9375,128.95358276367188,128.95358276367188,1.0
104,0.0,0.0,0.116381,0.116381,3747.535888671875,129.0546112060547,129.0546112060547,1.0
105,0.0,0.0,0.116381,0.116381,5629.0556640625,129.06594848632812,129.06594848632812,1.0
106,0.0,0.0,0.116381,0.116381,16678.810546875,129.1024169921875,129.1024169921875,1.0
107,0.0,0.0,0.116381,0.116381,2500.984130859375,130.06527709960938,130.06527709960938,1.0
108,0.0,0.0,0.116381,0.116381,47864.49609375,130.08639526367188,130.08639526367188,1.0
109,0.0,0.0,0.116381,0.116381,30888.875,130.09767150878906,130.09767150878906,1.0
110,0.0,0.0,0.116381,0.116381,34343.36328125,130.1591796875,130.1591796875,1.0
111,0.0,0.0,0.116381,0.116381,1879.5504150390625,130.5101318359375,130.5101318359375,1.0
112,0.0,0.0,0.116381,0.116381,2368.247802734375,131.08163452148438,131.08163452148438,1.0
113,0.0,0.0,0.116381,0.116381,3326.527587890625,131.08969116210938,131.08969116210938,1.0
114,0.0,0.0,0.116381,0.116381,100197.3046875,131.12925720214844,131.12925720214844,1.0
115,0.0,0.0,0.116381,0.116381,3565.006103515625,131.16268920898438,131.16268920898438,1.0
116,0.0,0.0,0.116381,0.116381,2160.8564453125,131.3267059326172,131.3267059326172,1.0
117,0.0,0.0,0.116381,0.116381,12478.359375,132.06568908691406,132.06568908691406,1.0
118,0.0,0.0,0.116381,0.116381,53366.703125,132.10202026367188,132.10202026367188,1.0
119,0.0,0.0,0.116381,0.116381,4642.59423828125,132.13255310058594,132.13255310058594,1.0
120,0.0,0.0,0.116381,0.116381,13768.328125,133.0761260986328,133.0761260986328,1.0
121,0.0,0.0,0.116381,0.116381,2484.8525390625,133.0795135498047,133.0795135498047,1.0
122,0.0,0.0,0.116381,0.116381,39675.41015625,133.08602905273438,133.08602905273438,1.0
123,0.0,0.0,0.116381,0.116381,4238.89794921875,133.0972137451172,133.0972137451172,1.0
124,0.0,0.0,0.116381,0.116381,2403.2509765625,133.1012725830078,133.1012725830078,1.0
125,0.0,0.0,0.116381,0.116381,5060.33837890625,133.1053924560547,133.1053924560547,1.0
126,0.0,0.0,0.116381,0.116381,10286.10546875,134.06361389160156,134.06361389160156,1.0
127,0.0,0.0,0.116381,0.116381,2817.0595703125,134.0712890625,134.0712890625,1.0
128,0.0,0.0,0.116381,0.116381,11285.904296875,134.08123779296875,134.08123779296875,1.0
129,0.0,0.0,0.116381,0.116381,4970.9365234375,135.0553741455078,135.0553741455078,1.0
130,0.0,0.0,0.116381,0.116381,3577.990234375,135.08065795898438,135.08065795898438,1.0
131,0.0,0.0,0.116381,0.116381,5513.10107421875,135.09181213378906,135.09181213378906,1.0
132,0.0,0.0,0.116381,0.116381,2652.91796875,135.11692810058594,135.11692810058594,1.0
133,0.0,0.0,0.116381,0.116381,59965.2734375,136.0619354248047,136.0619354248047,1.0
134,0.0,0.0,0.116381,0.116381,10544.447265625,136.0757293701172,136.0757293701172,1.0
135,0.0,0.0,0.116381,0.116381,120740.7578125,136.11224365234375,136.11224365234375,1.0
136,0.0,0.0,0.116381,0.116381,22066.615234375,137.07115173339844,137.07115173339844,1.0
137,0.0,0.0,0.116381,0.116381,23370.55078125,137.1073455810547,137.1073455810547,1.0
138,0.0,0.0,0.116381,0.116381,3171.905517578125,137.1156768798828,137.1156768798828,1.0
139,0.0,0.0,0.116381,0.116381,12403.28125,137.98403930664062,137.98403930664062,1.0
140,0.0,0.0,0.116381,0.116381,14827.0498046875,138.05508422851562,138.05508422851562,1.0
141,0.0,0.0,0.116381,0.116381,29437.083984375,138.06626892089844,138.06626892089844,1.0
142,0.0,0.0,0.116381,0.116381,16267.376953125,138.09136962890625,138.09136962890625,1.0
143,0.0,0.0,0.116381,0.116381,3280.08251953125,138.10269165039062,138.10269165039062,1.0
144,0.0,0.0,0.116381,0.116381,45025.7421875,139.01797485351562,139.01797485351562,1.0
145,0.0,0.0,0.116381,0.116381,4280.50341796875,139.04791259765625,139.04791259765625,1.0
146,0.0,0.0,0.116381,0.116381,32764.55078125,139.05023193359375,139.05023193359375,1.0
147,0.0,0.0,0.116381,0.116381,18377.01953125,139.08660888671875,139.08660888671875,1.0
148,0.0,0.0,0.116381,0.116381,25315.701171875,139.12310791015625,139.12310791015625,1.0
149,0.0,0.0,0.116381,0.116381,2628.555419921875,140.01097106933594,140.01097106933594,1.0
150,0.0,0.0,0.116381,0.116381,26266.75,140.07073974609375,140.07073974609375,1.0
151,0.0,0.0,0.116381,0.116381,5586.60400390625,140.0819854736328,140.0819854736328,1.0
152,0.0,0.0,0.116381,0.116381,3507.32470703125,140.09005737304688,140.09005737304688,1.0
153,0.0,0.0,0.116381,0.116381,4641.20703125,140.10719299316406,140.10719299316406,1.0
154,0.0,0.0,0.116381,0.116381,4604.62548828125,140.14341735839844,140.14341735839844,1.0
155,0.0,0.0,0.116381,0.116381,16863.66796875,140.95907592773438,140.95907592773438,1.0
156,0.0,0.0,0.116381,0.116381,10942.0400390625,141.0511016845703,141.0511016845703,1.0
157,0.0,0.0,0.116381,0.116381,10124.1923828125,141.06593322753906,141.06593322753906,1.0
158,0.0,0.0,0.116381,0.116381,3848.017333984375,141.0909881591797,141.0909881591797,1.0
159,0.0,0.0,0.116381,0.116381,24995.98046875,141.1023406982422,141.1023406982422,1.0
160,0.0,0.0,0.116381,0.116381,14091.5791015625,142.050048828125,142.050048828125,1.0
161,0.0,0.0,0.116381,0.116381,24436.88671875,142.08642578125,142.08642578125,1.0
162,0.0,0.0,0.116381,0.116381,11416.1318359375,142.0977020263672,142.0977020263672,1.0
163,0.0,0.0,0.116381,0.116381,29149.3046875,142.12286376953125,142.12286376953125,1.0
164,0.0,0.0,0.116381,0.116381,14605.8388671875,143.03977966308594,143.03977966308594,1.0
165,0.0,0.0,0.116381,0.116381,41391.80078125,143.08169555664062,143.08169555664062,1.0
166,0.0,0.0,0.116381,0.116381,4439.6025390625,143.11805725097656,143.11805725097656,1.0
167,0.0,0.0,0.116381,0.116381,114968.9921875,144.06568908691406,144.06568908691406,1.0
168,0.0,0.0,0.116381,0.116381,21724.66015625,144.08103942871094,144.08103942871094,1.0
169,0.0,0.0,0.116381,0.116381,25274.162109375,144.1021270751953,144.1021270751953,1.0
170,0.0,0.0,0.116381,0.116381,3216.08056640625,144.11346435546875,144.11346435546875,1.0
171,0.0,0.0,0.116381,0.116381,4911.24609375,144.1385498046875,144.1385498046875,1.0
172,0.0,0.0,0.116381,0.116381,10114.142578125,144.92758178710938,144.92758178710938,1.0
173,0.0,0.0,0.116381,0.116381,805935.25,144.98231506347656,144.98231506347656,1.0
174,0.0,0.0,0.116381,0.116381,5162.8203125,145.06906127929688,145.06906127929688,1.0
175,0.0,0.0,0.116381,0.116381,4247.083984375,145.07632446289062,145.07632446289062,1.0
176,0.0,0.0,0.116381,0.116381,11931.4140625,145.09735107421875,145.09735107421875,1.0
177,0.0,0.0,0.116381,0.116381,23303.115234375,145.1224365234375,145.1224365234375,1.0
178,0.0,0.0,0.116381,0.116381,3698.739013671875,145.1336212158203,145.1336212158203,1.0
179,0.0,0.0,0.116381,0.116381,2613.560546875,145.9792938232422,145.9792938232422,1.0
180,0.0,0.0,0.116381,0.116381,30874.75,145.985595703125,145.985595703125,1.0
181,0.0,0.0,0.116381,0.116381,33860.33984375,146.06016540527344,146.06016540527344,1.0
182,0.0,0.0,0.116381,0.116381,68669.6640625,146.08131408691406,146.08131408691406,1.0
183,0.0,0.0,0.116381,0.116381,10339.0693359375,146.09251403808594,146.09251403808594,1.0
184,0.0,0.0,0.116381,0.116381,4730.21923828125,146.11773681640625,146.11773681640625,1.0
185,0.0,0.0,0.116381,0.116381,348286.34375,146.98046875,146.98046875,1.0
186,0.0,0.0,0.116381,0.116381,13446.140625,147.05535888671875,147.05535888671875,1.0
187,0.0,0.0,0.116381,0.116381,5227.87451171875,147.0634765625,147.0634765625,1.0
188,0.0,0.0,0.116381,0.116381,3467.227294921875,147.08445739746094,147.08445739746094,1.0
189,0.0,0.0,0.116381,0.116381,9540.7119140625,147.09178161621094,147.09178161621094,1.0
190,0.0,0.0,0.116381,0.116381,3050.262451171875,147.1171112060547,147.1171112060547,1.0
191,0.0,0.0,0.116381,0.116381,2755.647216796875,147.1242218017578,147.1242218017578,1.0
192,0.0,0.0,0.116381,0.116381,2290.74951171875,147.9075164794922,147.9075164794922,1.0
193,0.0,0.0,0.116381,0.116381,15737.236328125,147.98385620117188,147.98385620117188,1.0
194,0.0,0.0,0.116381,0.116381,3825.78173828125,148.07566833496094,148.07566833496094,1.0
195,0.0,0.0,0.116381,0.116381,5893.34423828125,148.0870361328125,148.0870361328125,1.0
196,0.0,0.0,0.116381,0.116381,2337.259765625,148.0969696044922,148.0969696044922,1.0
197,0.0,0.0,0.116381,0.116381,11076.7548828125,149.0136260986328,149.0136260986328,1.0
198,0.0,0.0,0.116381,0.116381,33942.125,149.0234832763672,149.0234832763672,1.0
199,0.0,0.0,0.116381,0.116381,95705.5234375,149.07118225097656,149.07118225097656,1.0
200,0.0,0.0,0.116381,0.116381,4458.3330078125,149.1074981689453,149.1074981689453,1.0
201,0.0,0.0,0.116381,0.116381,2612.281494140625,149.13267517089844,149.13267517089844,1.0
202,0.0,0.0,0.116381,0.116381,3361.451416015625,150.0550537109375,150.0550537109375,1.0
203,0.0,0.0,0.116381,0.116381,14071.5888671875,150.0744171142578,150.0744171142578,1.0
204,0.0,0.0,0.116381,0.116381,24555.240234375,150.0916290283203,150.0916290283203,1.0
205,0.0,0.0,0.116381,0.116381,4624.6064453125,150.1127471923828,150.1127471923828,1.0
206,0.0,0.0,0.116381,0.116381,2705.596923828125,150.12779235839844,150.12779235839844,1.0
207,0.0,0.0,0.116381,0.116381,5308.11376953125,151.0118865966797,151.0118865966797,1.0
208,0.0,0.0,0.116381,0.116381,24651.51953125,151.08680725097656,151.08680725097656,1.0
209,0.0,0.0,0.116381,0.116381,103592.359375,151.09664916992188,151.09664916992188,1.0
210,0.0,0.0,0.116381,0.116381,7751.8330078125,152.05821228027344,152.05821228027344,1.0
211,0.0,0.0,0.116381,0.116381,32312.546875,152.0707550048828,152.0707550048828,1.0
212,0.0,0.0,0.116381,0.116381,2557392.0,152.10714721679688,152.10714721679688,1.0
213,0.0,0.0,0.116381,0.116381,7488.75634765625,152.15744018554688,152.15744018554688,1.0
214,0.0,0.0,0.116381,0.116381,4878.56591796875,152.94862365722656,152.94862365722656,1.0
215,0.0,0.0,0.116381,0.116381,9636.822265625,153.0660400390625,153.0660400390625,1.0
216,0.0,0.0,0.116381,0.116381,4792.9658203125,153.09109497070312,153.09109497070312,1.0
217,0.0,0.0,0.116381,0.116381,21471.521484375,153.1022491455078,153.1022491455078,1.0
218,0.0,0.0,0.116381,0.116381,241837.6875,153.11048889160156,153.11048889160156,1.0
219,0.0,0.0,0.116381,0.116381,9910.7529296875,153.13882446289062,153.13882446289062,1.0
220,0.0,0.0,0.116381,0.116381,5578.2431640625,154.050048828125,154.050048828125,1.0
221,0.0,0.0,0.116381,0.116381,16782.037109375,154.08631896972656,154.08631896972656,1.0
222,0.0,0.0,0.116381,0.116381,5248.5869140625,154.0974884033203,154.0974884033203,1.0
223,0.0,0.0,0.116381,0.116381,5632.4453125,154.11386108398438,154.11386108398438,1.0
224,0.0,0.0,0.116381,0.116381,12034.490234375,154.1227264404297,154.1227264404297,1.0
225,0.0,0.0,0.116381,0.116381,4629.62353515625,154.94667053222656,154.94667053222656,1.0
226,0.0,0.0,0.116381,0.116381,3765.506103515625,155.04689025878906,155.04689025878906,1.0
227,0.0,0.0,0.116381,0.116381,31987.404296875,155.08154296875,155.08154296875,1.0
228,0.0,0.0,0.116381,0.116381,13287.51171875,155.1068572998047,155.1068572998047,1.0
229,0.0,0.0,0.116381,0.116381,22857.357421875,155.1178741455078,155.1178741455078,1.0
230,0.0,0.0,0.116381,0.116381,5360.09228515625,156.06564331054688,156.06564331054688,1.0
231,0.0,0.0,0.116381,0.116381,19143.529296875,156.0769500732422,156.0769500732422,1.0
232,0.0,0.0,0.116381,0.116381,4213.56396484375,156.08078002929688,156.08078002929688,1.0
233,0.0,0.0,0.116381,0.116381,17480.9375,156.10211181640625,156.10211181640625,1.0
234,0.0,0.0,0.116381,0.116381,4306.3818359375,156.1134033203125,156.1134033203125,1.0
235,0.0,0.0,0.116381,0.116381,54445.66796875,156.13844299316406,156.13844299316406,1.0
236,0.0,0.0,0.116381,0.116381,2704.451171875,156.15005493164062,156.15005493164062,1.0
237,0.0,0.0,0.116381,0.116381,44639.86328125,157.0972900390625,157.0972900390625,1.0
238,0.0,0.0,0.116381,0.116381,2908.62158203125,157.1055908203125,157.1055908203125,1.0
239,0.0,0.0,0.116381,0.116381,5022.65576171875,157.13380432128906,157.13380432128906,1.0
240,0.0,0.0,0.116381,0.116381,16782.650390625,157.16995239257812,157.16995239257812,1.0
241,0.0,0.0,0.116381,0.116381,22568.734375,158.081298828125,158.081298828125,1.0
242,0.0,0.0,0.116381,0.116381,15382.1416015625,158.09664916992188,158.09664916992188,1.0
243,0.0,0.0,0.116381,0.116381,25058.80859375,158.11767578125,158.11767578125,1.0
244,0.0,0.0,0.116381,0.116381,50491.03125,158.12893676757812,158.12893676757812,1.0
245,0.0,0.0,0.116381,0.116381,36842.7890625,158.1540985107422,158.1540985107422,1.0
246,0.0,0.0,0.116381,0.116381,2367.310546875,158.33399963378906,158.33399963378906,1.0
247,0.0,0.0,0.116381,0.116381,4850.17236328125,159.09182739257812,159.09182739257812,1.0
248,0.0,0.0,0.116381,0.116381,2563.039306640625,159.1018524169922,159.1018524169922,1.0
249,0.0,0.0,0.116381,0.116381,9325.244140625,159.11297607421875,159.11297607421875,1.0
250,0.0,0.0,0.116381,0.116381,5210.21142578125,160.0607147216797,160.0607147216797,1.0
251,0.0,0.0,0.116381,0.116381,47874.578125,160.075927734375,160.075927734375,1.0
252,0.0,0.0,0.116381,0.116381,2658.131591796875,160.0870819091797,160.0870819091797,1.0
253,0.0,0.0,0.116381,0.116381,3991.1796875,160.1333770751953,160.1333770751953,1.0
254,0.0,0.0,0.116381,0.116381,2512.292236328125,160.91529846191406,160.91529846191406,1.0
255,0.0,0.0,0.116381,0.116381,11506.0625,161.07106018066406,161.07106018066406,1.0
256,0.0,0.0,0.116381,0.116381,2799.671630859375,161.07907104492188,161.07907104492188,1.0
257,0.0,0.0,0.116381,0.116381,2999.5986328125,161.09219360351562,161.09219360351562,1.0
258,0.0,0.0,0.116381,0.116381,2553.783203125,161.1075439453125,161.1075439453125,1.0
259,0.0,0.0,0.116381,0.116381,265834.625,162.0762176513672,162.0762176513672,1.0
260,0.0,0.0,0.116381,0.116381,12083.5048828125,162.09146118164062,162.09146118164062,1.0
261,0.0,0.0,0.116381,0.116381,3829.144287109375,162.1029510498047,162.1029510498047,1.0
262,0.0,0.0,0.116381,0.116381,2339.93994140625,162.14389038085938,162.14389038085938,1.0
263,0.0,0.0,0.116381,0.116381,2727.28857421875,163.06021118164062,163.06021118164062,1.0
264,0.0,0.0,0.116381,0.116381,3523.49169921875,163.0758819580078,163.0758819580078,1.0
265,0.0,0.0,0.116381,0.116381,23267.310546875,163.07960510253906,163.07960510253906,1.0
266,0.0,0.0,0.116381,0.116381,18868.732421875,163.0865936279297,163.0865936279297,1.0
267,0.0,0.0,0.116381,0.116381,18797.423828125,163.12315368652344,163.12315368652344,1.0
268,0.0,0.0,0.116381,0.116381,109916.2265625,163.13299560546875,163.13299560546875,1.0
269,0.0,0.0,0.116381,0.116381,27733.357421875,164.06703186035156,164.06703186035156,1.0
270,0.0,0.0,0.116381,0.116381,28631.126953125,164.0707550048828,164.0707550048828,1.0
271,0.0,0.0,0.116381,0.116381,9699.7900390625,164.1071319580078,164.1071319580078,1.0
272,0.0,0.0,0.116381,0.116381,11505.828125,164.13648986816406,164.13648986816406,1.0
273,0.0,0.0,0.116381,0.116381,2530.8017578125,165.0679931640625,165.0679931640625,1.0
274,0.0,0.0,0.116381,0.116381,4836.7998046875,165.09117126464844,165.09117126464844,1.0
275,0.0,0.0,0.116381,0.116381,12562.671875,165.10256958007812,165.10256958007812,1.0
276,0.0,0.0,0.116381,0.116381,2325.171142578125,165.11244201660156,165.11244201660156,1.0
277,0.0,0.0,0.116381,0.116381,33290.6796875,166.0865020751953,166.0865020751953,1.0
278,0.0,0.0,0.116381,0.116381,12329.8203125,166.09779357910156,166.09779357910156,1.0
279,0.0,0.0,0.116381,0.116381,148680.921875,166.12281799316406,166.12281799316406,1.0
280,0.0,0.0,0.116381,0.116381,48509.203125,167.0816650390625,167.0816650390625,1.0
281,0.0,0.0,0.116381,0.116381,10321.8876953125,167.10682678222656,167.10682678222656,1.0
282,0.0,0.0,0.116381,0.116381,20793.9375,167.11813354492188,167.11813354492188,1.0
283,0.0,0.0,0.116381,0.116381,24172.115234375,167.1260986328125,167.1260986328125,1.0
284,0.0,0.0,0.116381,0.116381,16673.791015625,167.15455627441406,167.15455627441406,1.0
285,0.0,0.0,0.116381,0.116381,38376.3359375,168.06576538085938,168.06576538085938,1.0
286,0.0,0.0,0.116381,0.116381,2447.586669921875,168.0770263671875,168.0770263671875,1.0
287,0.0,0.0,0.116381,0.116381,2809.265380859375,168.08494567871094,168.08494567871094,1.0
288,0.0,0.0,0.116381,0.116381,20086.248046875,168.10211181640625,168.10211181640625,1.0
289,0.0,0.0,0.116381,0.116381,3163.0322265625,168.1134490966797,168.1134490966797,1.0
290,0.0,0.0,0.116381,0.116381,5293.3720703125,168.1385040283203,168.1385040283203,1.0
291,0.0,0.0,0.116381,0.116381,16061.40625,168.94613647460938,168.94613647460938,1.0
292,0.0,0.0,0.116381,0.116381,2555.56396484375,169.0858612060547,169.0858612060547,1.0
293,0.0,0.0,0.116381,0.116381,69289.2578125,169.09732055664062,169.09732055664062,1.0
294,0.0,0.0,0.116381,0.116381,10073.9873046875,169.1225128173828,169.1225128173828,1.0
295,0.0,0.0,0.116381,0.116381,55923.07421875,169.1337127685547,169.1337127685547,1.0
296,0.0,0.0,0.116381,0.116381,18361.169921875,170.0816192626953,170.0816192626953,1.0
297,0.0,0.0,0.116381,0.116381,4167.6025390625,170.09246826171875,170.09246826171875,1.0
298,0.0,0.0,0.116381,0.116381,2313.108154296875,170.09625244140625,170.09625244140625,1.0
299,0.0,0.0,0.116381,0.116381,3089.885498046875,170.10028076171875,170.10028076171875,1.0
300,0.0,0.0,0.116381,0.116381,45031.515625,170.11766052246094,170.11766052246094,1.0
301,0.0,0.0,0.116381,0.116381,5648.9921875,170.12893676757812,170.12893676757812,1.0
302,0.0,0.0,0.116381,0.116381,16908.115234375,170.15411376953125,170.15411376953125,1.0
303,0.0,0.0,0.116381,0.116381,3780.6650390625,171.0766143798828,171.0766143798828,1.0
304,0.0,0.0,0.116381,0.116381,3044.9716796875,171.0847625732422,171.0847625732422,1.0
305,0.0,0.0,0.116381,0.116381,140096.5,171.1129608154297,171.1129608154297,1.0
306,0.0,0.0,0.116381,0.116381,3129.318115234375,171.13803100585938,171.13803100585938,1.0
307,0.0,0.0,0.116381,0.116381,126571.171875,171.14930725097656,171.14930725097656,1.0
308,0.0,0.0,0.116381,0.116381,3034.370849609375,171.15731811523438,171.15731811523438,1.0
309,0.0,0.0,0.116381,0.116381,4321.04443359375,172.0760040283203,172.0760040283203,1.0
310,0.0,0.0,0.116381,0.116381,22595.369140625,172.09695434570312,172.09695434570312,1.0
311,0.0,0.0,0.116381,0.116381,47103.08984375,172.1156005859375,172.1156005859375,1.0
312,0.0,0.0,0.116381,0.116381,51784.78125,172.13333129882812,172.13333129882812,1.0
313,0.0,0.0,0.116381,0.116381,15068.3642578125,172.15267944335938,172.15267944335938,1.0
314,0.0,0.0,0.116381,0.116381,18900.953125,172.16981506347656,172.16981506347656,1.0
315,0.0,0.0,0.116381,0.116381,35671.921875,173.09231567382812,173.09231567382812,1.0
316,0.0,0.0,0.116381,0.116381,4961.3544921875,173.10369873046875,173.10369873046875,1.0
317,0.0,0.0,0.116381,0.116381,9976.396484375,173.10757446289062,173.10757446289062,1.0
318,0.0,0.0,0.116381,0.116381,2884.018798828125,173.12852478027344,173.12852478027344,1.0
319,0.0,0.0,0.116381,0.116381,3935.67626953125,173.1365966796875,173.1365966796875,1.0
320,0.0,0.0,0.116381,0.116381,5271.9208984375,173.1400146484375,173.1400146484375,1.0
321,0.0,0.0,0.116381,0.116381,4167.3056640625,173.1650848388672,173.1650848388672,1.0
322,0.0,0.0,0.116381,0.116381,3991.3857421875,174.07643127441406,174.07643127441406,1.0
323,0.0,0.0,0.116381,0.116381,29653.404296875,174.0915985107422,174.0915985107422,1.0
324,0.0,0.0,0.116381,0.116381,13042.359375,174.11264038085938,174.11264038085938,1.0
325,0.0,0.0,0.116381,0.116381,8903.005859375,174.12399291992188,174.12399291992188,1.0
326,0.0,0.0,0.116381,0.116381,11576.818359375,174.1490936279297,174.1490936279297,1.0
327,0.0,0.0,0.116381,0.116381,13424.37890625,175.0869140625,175.0869140625,1.0
328,0.0,0.0,0.116381,0.116381,26760.287109375,175.1191864013672,175.1191864013672,1.0
329,0.0,0.0,0.116381,0.116381,3399.246826171875,175.12261962890625,175.12261962890625,1.0
330,0.0,0.0,0.116381,0.116381,4093.022705078125,175.1483612060547,175.1483612060547,1.0
331,0.0,0.0,0.116381,0.116381,4277.23291015625,176.0709686279297,176.0709686279297,1.0
332,0.0,0.0,0.116381,0.116381,2605.692138671875,176.0818328857422,176.0818328857422,1.0
333,0.0,0.0,0.116381,0.116381,10611.94921875,176.0917205810547,176.0917205810547,1.0
334,0.0,0.0,0.116381,0.116381,2567.52734375,177.0548858642578,177.0548858642578,1.0
335,0.0,0.0,0.116381,0.116381,3163.845703125,177.06619262695312,177.06619262695312,1.0
336,0.0,0.0,0.116381,0.116381,616313.4375,177.10243225097656,177.10243225097656,1.0
337,0.0,0.0,0.116381,0.116381,10984.4833984375,178.0863494873047,178.0863494873047,1.0
338,0.0,0.0,0.116381,0.116381,2925.7548828125,178.09750366210938,178.09750366210938,1.0
339,0.0,0.0,0.116381,0.116381,59026.1875,178.10572814941406,178.10572814941406,1.0
340,0.0,0.0,0.116381,0.116381,3289.869873046875,178.1228485107422,178.1228485107422,1.0
341,0.0,0.0,0.116381,0.116381,3294.761474609375,179.0635986328125,179.0635986328125,1.0
342,0.0,0.0,0.116381,0.116381,4223.5068359375,179.070556640625,179.070556640625,1.0
343,0.0,0.0,0.116381,0.116381,9550.6943359375,179.08164978027344,179.08164978027344,1.0
344,0.0,0.0,0.116381,0.116381,20591.9921875,179.11810302734375,179.11810302734375,1.0
345,0.0,0.0,0.116381,0.116381,4322.74365234375,179.12794494628906,179.12794494628906,1.0
346,0.0,0.0,0.116381,0.116381,3861.343505859375,179.14308166503906,179.14308166503906,1.0
347,0.0,0.0,0.116381,0.116381,27526.58984375,180.04461669921875,180.04461669921875,1.0
348,0.0,0.0,0.116381,0.116381,4798.25439453125,180.06602478027344,180.06602478027344,1.0
349,0.0,0.0,0.116381,0.116381,5249.40869140625,180.0808563232422,180.0808563232422,1.0
350,0.0,0.0,0.116381,0.116381,35687.07421875,180.08676147460938,180.08676147460938,1.0
351,0.0,0.0,0.116381,0.116381,81065.3125,180.10208129882812,180.10208129882812,1.0
352,0.0,0.0,0.116381,0.116381,3813.044921875,180.11305236816406,180.11305236816406,1.0
353,0.0,0.0,0.116381,0.116381,9813.6044921875,180.138427734375,180.138427734375,1.0
354,0.0,0.0,0.116381,0.116381,4411.53466796875,180.1593475341797,180.1593475341797,1.0
355,0.0,0.0,0.116381,0.116381,4000.8447265625,181.03953552246094,181.03953552246094,1.0
356,0.0,0.0,0.116381,0.116381,3138.784912109375,181.04788208007812,181.04788208007812,1.0
357,0.0,0.0,0.116381,0.116381,19930.328125,181.0972900390625,181.0972900390625,1.0
358,0.0,0.0,0.116381,0.116381,11342.9736328125,181.1053466796875,181.1053466796875,1.0
359,0.0,0.0,0.116381,0.116381,3699.97119140625,181.12257385253906,181.12257385253906,1.0
360,0.0,0.0,0.116381,0.116381,38925.55078125,181.13368225097656,181.13368225097656,1.0
361,0.0,0.0,0.116381,0.116381,3031.87353515625,181.15890502929688,181.15890502929688,1.0
362,0.0,0.0,0.116381,0.116381,18582.291015625,181.1699676513672,181.1699676513672,1.0
363,0.0,0.0,0.116381,0.116381,25146.828125,182.08140563964844,182.08140563964844,1.0
364,0.0,0.0,0.116381,0.116381,3846.667236328125,182.09664916992188,182.09664916992188,1.0
365,0.0,0.0,0.116381,0.116381,19665.97265625,182.1178741455078,182.1178741455078,1.0
366,0.0,0.0,0.116381,0.116381,5297.64208984375,183.078125,183.078125,1.0
367,0.0,0.0,0.116381,0.116381,3120.761474609375,183.08450317382812,183.08450317382812,1.0
368,0.0,0.0,0.116381,0.116381,3984.779052734375,183.0918426513672,183.0918426513672,1.0
369,0.0,0.0,0.116381,0.116381,14332.1220703125,183.1130828857422,183.1130828857422,1.0
370,0.0,0.0,0.116381,0.116381,5203.357421875,183.13827514648438,183.13827514648438,1.0
371,0.0,0.0,0.116381,0.116381,10856.119140625,183.1494140625,183.1494140625,1.0
372,0.0,0.0,0.116381,0.116381,5050.98095703125,184.05824279785156,184.05824279785156,1.0
373,0.0,0.0,0.116381,0.116381,16881.076171875,184.0968780517578,184.0968780517578,1.0
374,0.0,0.0,0.116381,0.116381,12777.771484375,184.13333129882812,184.13333129882812,1.0
375,0.0,0.0,0.116381,0.116381,3915.760009765625,184.14456176757812,184.14456176757812,1.0
376,0.0,0.0,0.116381,0.116381,9663.1162109375,184.169921875,184.169921875,1.0
377,0.0,0.0,0.116381,0.116381,69773.9921875,185.09225463867188,185.09225463867188,1.0
378,0.0,0.0,0.116381,0.116381,3380.715576171875,185.10740661621094,185.10740661621094,1.0
379,0.0,0.0,0.116381,0.116381,10924.8330078125,185.12879943847656,185.12879943847656,1.0
380,0.0,0.0,0.116381,0.116381,2575.86767578125,185.1536102294922,185.1536102294922,1.0
381,0.0,0.0,0.116381,0.116381,3037.05419921875,186.06817626953125,186.06817626953125,1.0
382,0.0,0.0,0.116381,0.116381,27948.07421875,186.0762176513672,186.0762176513672,1.0
383,0.0,0.0,0.116381,0.116381,39499.95703125,186.09153747558594,186.09153747558594,1.0
384,0.0,0.0,0.116381,0.116381,7953.92041015625,186.095458984375,186.095458984375,1.0
385,0.0,0.0,0.116381,0.116381,19257.185546875,186.1126708984375,186.1126708984375,1.0
386,0.0,0.0,0.116381,0.116381,42854.1328125,186.1490478515625,186.1490478515625,1.0
387,0.0,0.0,0.116381,0.116381,3127.939208984375,186.1603546142578,186.1603546142578,1.0
388,0.0,0.0,0.116381,0.116381,2794.6123046875,186.18544006347656,186.18544006347656,1.0
389,0.0,0.0,0.116381,0.116381,11944.95703125,187.08685302734375,187.08685302734375,1.0
390,0.0,0.0,0.116381,0.116381,4323.541015625,187.0948944091797,187.0948944091797,1.0
391,0.0,0.0,0.116381,0.116381,24934.005859375,187.10800170898438,187.10800170898438,1.0
392,0.0,0.0,0.116381,0.116381,17820.236328125,187.12301635742188,187.12301635742188,1.0
393,0.0,0.0,0.116381,0.116381,2975.140380859375,187.126708984375,187.126708984375,1.0
394,0.0,0.0,0.116381,0.116381,14834.970703125,188.09202575683594,188.09202575683594,1.0
395,0.0,0.0,0.116381,0.116381,3129.779052734375,188.12841796875,188.12841796875,1.0
396,0.0,0.0,0.116381,0.116381,3218.978271484375,188.16461181640625,188.16461181640625,1.0
397,0.0,0.0,0.116381,0.116381,3209.6328125,189.1025848388672,189.1025848388672,1.0
398,0.0,0.0,0.116381,0.116381,5393.666015625,189.142333984375,189.142333984375,1.0
399,0.0,0.0,0.116381,0.116381,13174.9541015625,190.05001831054688,190.05001831054688,1.0
400,0.0,0.0,0.116381,0.116381,3463.542236328125,190.0863037109375,190.0863037109375,1.0
401,0.0,0.0,0.116381,0.116381,8793.0966796875,190.09779357910156,190.09779357910156,1.0
402,0.0,0.0,0.116381,0.116381,25742.322265625,190.10752868652344,190.10752868652344,1.0
403,0.0,0.0,0.116381,0.116381,21423.076171875,190.12615966796875,190.12615966796875,1.0
404,0.0,0.0,0.116381,0.116381,3077.74609375,190.1438751220703,190.1438751220703,1.0
405,0.0,0.0,0.116381,0.116381,5536.78759765625,191.08175659179688,191.08175659179688,1.0
406,0.0,0.0,0.116381,0.116381,2824.55712890625,191.11802673339844,191.11802673339844,1.0
407,0.0,0.0,0.116381,0.116381,3460.3349609375,191.14328002929688,191.14328002929688,1.0
408,0.0,0.0,0.116381,0.116381,3251.656982421875,192.06582641601562,192.06582641601562,1.0
409,0.0,0.0,0.116381,0.116381,3143.58837890625,192.1021270751953,192.1021270751953,1.0
410,0.0,0.0,0.116381,0.116381,2491.54931640625,192.1381072998047,192.1381072998047,1.0
411,0.0,0.0,0.116381,0.116381,3715.218505859375,192.1593017578125,192.1593017578125,1.0
412,0.0,0.0,0.116381,0.116381,2767.74169921875,192.17510986328125,192.17510986328125,1.0
413,0.0,0.0,0.116381,0.116381,337815.4375,193.097412109375,193.097412109375,1.0
414,0.0,0.0,0.116381,0.116381,3189.731201171875,193.1224822998047,193.1224822998047,1.0
415,0.0,0.0,0.116381,0.116381,27057.2734375,193.1337890625,193.1337890625,1.0
416,0.0,0.0,0.116381,0.116381,73025.0234375,193.14366149902344,193.14366149902344,1.0
417,0.0,0.0,0.116381,0.116381,18658.443359375,193.15878295898438,193.15878295898438,1.0
418,0.0,0.0,0.116381,0.116381,4535.39892578125,194.08102416992188,194.08102416992188,1.0
419,0.0,0.0,0.116381,0.116381,9244.0478515625,194.08499145507812,194.08499145507812,1.0
420,0.0,0.0,0.116381,0.116381,31209.892578125,194.1007080078125,194.1007080078125,1.0
421,0.0,0.0,0.116381,0.116381,23118.021484375,194.11822509765625,194.11822509765625,1.0
422,0.0,0.0,0.116381,0.116381,3314.6171875,194.1370849609375,194.1370849609375,1.0
423,0.0,0.0,0.116381,0.116381,3286.548828125,194.14674377441406,194.14674377441406,1.0
424,0.0,0.0,0.116381,0.116381,4429.701171875,194.15411376953125,194.15411376953125,1.0
425,0.0,0.0,0.116381,0.116381,2455.451171875,195.07711791992188,195.07711791992188,1.0
426,0.0,0.0,0.116381,0.116381,22508.2109375,195.1134033203125,195.1134033203125,1.0
427,0.0,0.0,0.116381,0.116381,43657.5390625,195.12303161621094,195.12303161621094,1.0
428,0.0,0.0,0.116381,0.116381,5225.33349609375,195.18603515625,195.18603515625,1.0
429,0.0,0.0,0.116381,0.116381,18557.5078125,196.09718322753906,196.09718322753906,1.0
430,0.0,0.0,0.116381,0.116381,3907.87158203125,196.1082763671875,196.1082763671875,1.0
431,0.0,0.0,0.116381,0.116381,3855.493408203125,196.116455078125,196.116455078125,1.0
432,0.0,0.0,0.116381,0.116381,11265.2822265625,196.133544921875,196.133544921875,1.0
433,0.0,0.0,0.116381,0.116381,5688.56396484375,196.16989135742188,196.16989135742188,1.0
434,0.0,0.0,0.116381,0.116381,9755.4287109375,197.0171356201172,197.0171356201172,1.0
435,0.0,0.0,0.116381,0.116381,14722.1904296875,197.0922393798828,197.0922393798828,1.0
436,0.0,0.0,0.116381,0.116381,27281.498046875,197.1286163330078,197.1286163330078,1.0
437,0.0,0.0,0.116381,0.116381,18707.32421875,197.1400146484375,197.1400146484375,1.0
438,0.0,0.0,0.116381,0.116381,2766.12158203125,198.00119018554688,198.00119018554688,1.0
439,0.0,0.0,0.116381,0.116381,5230.53125,198.07638549804688,198.07638549804688,1.0
440,0.0,0.0,0.116381,0.116381,26507.62890625,198.1127166748047,198.1127166748047,1.0
441,0.0,0.0,0.116381,0.116381,19797.140625,198.1490478515625,198.1490478515625,1.0
442,0.0,0.0,0.116381,0.116381,16953.11328125,198.18545532226562,198.18545532226562,1.0
443,0.0,0.0,0.116381,0.116381,22790.822265625,199.10792541503906,199.10792541503906,1.0
444,0.0,0.0,0.116381,0.116381,3584.0908203125,199.14434814453125,199.14434814453125,1.0
445,0.0,0.0,0.116381,0.116381,36172.625,199.16944885253906,199.16944885253906,1.0
446,0.0,0.0,0.116381,0.116381,19260.046875,199.1805419921875,199.1805419921875,1.0
447,0.0,0.0,0.116381,0.116381,13919.76171875,200.09214782714844,200.09214782714844,1.0
448,0.0,0.0,0.116381,0.116381,27269.23046875,200.1282958984375,200.1282958984375,1.0
449,0.0,0.0,0.116381,0.116381,39222.2265625,200.16470336914062,200.16470336914062,1.0
450,0.0,0.0,0.116381,0.116381,4316.5302734375,200.1727294921875,200.1727294921875,1.0
451,0.0,0.0,0.116381,0.116381,5260.32470703125,201.0877227783203,201.0877227783203,1.0
452,0.0,0.0,0.116381,0.116381,5631.46142578125,201.10243225097656,201.10243225097656,1.0
453,0.0,0.0,0.116381,0.116381,12353.134765625,201.12356567382812,201.12356567382812,1.0
454,0.0,0.0,0.116381,0.116381,13493.701171875,201.16000366210938,201.16000366210938,1.0
455,0.0,0.0,0.116381,0.116381,2973.732421875,202.14450073242188,202.14450073242188,1.0
456,0.0,0.0,0.116381,0.116381,41104.9921875,202.180419921875,202.180419921875,1.0
457,0.0,0.0,0.116381,0.116381,3537.2255859375,203.0814971923828,203.0814971923828,1.0
458,0.0,0.0,0.116381,0.116381,11750.921875,203.10267639160156,203.10267639160156,1.0
459,0.0,0.0,0.116381,0.116381,253379.453125,203.1181182861328,203.1181182861328,1.0
460,0.0,0.0,0.116381,0.116381,2483.04541015625,203.13943481445312,203.13943481445312,1.0
461,0.0,0.0,0.116381,0.116381,5205.451171875,203.1839141845703,203.1839141845703,1.0
462,0.0,0.0,0.116381,0.116381,11815.931640625,204.08705139160156,204.08705139160156,1.0
463,0.0,0.0,0.116381,0.116381,3418.641845703125,204.1142120361328,204.1142120361328,1.0
464,0.0,0.0,0.116381,0.116381,32274.7578125,204.1214141845703,204.1214141845703,1.0
465,0.0,0.0,0.116381,0.116381,4621.97216796875,204.13861083984375,204.13861083984375,1.0
466,0.0,0.0,0.116381,0.116381,8659.2119140625,205.08619689941406,205.08619689941406,1.0
467,0.0,0.0,0.116381,0.116381,5767.9501953125,205.0977020263672,205.0977020263672,1.0
468,0.0,0.0,0.116381,0.116381,2248.818603515625,205.1233673095703,205.1233673095703,1.0
469,0.0,0.0,0.116381,0.116381,3676.1787109375,205.12957763671875,205.12957763671875,1.0
470,0.0,0.0,0.116381,0.116381,3199.004638671875,205.1375732421875,205.1375732421875,1.0
471,0.0,0.0,0.116381,0.116381,3834.62353515625,205.17030334472656,205.17030334472656,1.0
472,0.0,0.0,0.116381,0.116381,4410.1123046875,206.06715393066406,206.06715393066406,1.0
473,0.0,0.0,0.116381,0.116381,10102.7412109375,206.08131408691406,206.08131408691406,1.0
474,0.0,0.0,0.116381,0.116381,2742.45166015625,206.0928192138672,206.0928192138672,1.0
475,0.0,0.0,0.116381,0.116381,2968.918212890625,206.13998413085938,206.13998413085938,1.0
476,0.0,0.0,0.116381,0.116381,2984.5712890625,207.08200073242188,207.08200073242188,1.0
477,0.0,0.0,0.116381,0.116381,10777.72265625,207.11294555664062,207.11294555664062,1.0
478,0.0,0.0,0.116381,0.116381,1551741.875,207.15931701660156,207.15931701660156,1.0
479,0.0,0.0,0.116381,0.116381,3558.05029296875,207.23886108398438,207.23886108398438,1.0
480,0.0,0.0,0.116381,0.116381,4090.324462890625,208.0972137451172,208.0972137451172,1.0
481,0.0,0.0,0.116381,0.116381,2816.251953125,208.11793518066406,208.11793518066406,1.0
482,0.0,0.0,0.116381,0.116381,2590.48779296875,208.13352966308594,208.13352966308594,1.0
483,0.0,0.0,0.116381,0.116381,160515.21875,208.16261291503906,208.16261291503906,1.0
484,0.0,0.0,0.116381,0.116381,8725.4072265625,208.17018127441406,208.17018127441406,1.0
485,0.0,0.0,0.116381,0.116381,27865.470703125,209.0922088623047,209.0922088623047,1.0
486,0.0,0.0,0.116381,0.116381,3313.83984375,209.12867736816406,209.12867736816406,1.0
487,0.0,0.0,0.116381,0.116381,30712.33203125,209.15379333496094,209.15379333496094,1.0
488,0.0,0.0,0.116381,0.116381,8220.66015625,209.16607666015625,209.16607666015625,1.0
489,0.0,0.0,0.116381,0.116381,3067.5576171875,209.17800903320312,209.17800903320312,1.0
490,0.0,0.0,0.116381,0.116381,3035.3603515625,209.20150756835938,209.20150756835938,1.0
491,0.0,0.0,0.116381,0.116381,4292.38623046875,210.11228942871094,210.11228942871094,1.0
492,0.0,0.0,0.116381,0.116381,4425.58349609375,210.149169921875,210.149169921875,1.0
493,0.0,0.0,0.116381,0.116381,2639.111572265625,210.15675354003906,210.15675354003906,1.0
494,0.0,0.0,0.116381,0.116381,4123.11572265625,210.17005920410156,210.17005920410156,1.0
495,0.0,0.0,0.116381,0.116381,4969.95361328125,210.18536376953125,210.18536376953125,1.0
496,0.0,0.0,0.116381,0.116381,21703.6171875,211.109375,211.109375,1.0
497,0.0,0.0,0.116381,0.116381,3082.883056640625,211.1327667236328,211.1327667236328,1.0
498,0.0,0.0,0.116381,0.116381,11279.4560546875,211.1555633544922,211.1555633544922,1.0
499,0.0,0.0,0.116381,0.116381,28919.57421875,211.1693115234375,211.1693115234375,1.0
500,0.0,0.0,0.116381,0.116381,4063.256103515625,211.18063354492188,211.18063354492188,1.0
501,0.0,0.0,0.116381,0.116381,90672.4296875,212.0953369140625,212.0953369140625,1.0
502,0.0,0.0,0.116381,0.116381,3442.4814453125,212.12831115722656,212.12831115722656,1.0
503,0.0,0.0,0.116381,0.116381,17578.86328125,212.16455078125,212.16455078125,1.0
504,0.0,0.0,0.116381,0.116381,4657.7451171875,212.20115661621094,212.20115661621094,1.0
505,0.0,0.0,0.116381,0.116381,4173.8046875,213.098388671875,213.098388671875,1.0
506,0.0,0.0,0.116381,0.116381,4279.55322265625,213.102783203125,213.102783203125,1.0
507,0.0,0.0,0.116381,0.116381,15888.9609375,213.12319946289062,213.12319946289062,1.0
508,0.0,0.0,0.116381,0.116381,5289.15966796875,213.1598358154297,213.1598358154297,1.0
509,0.0,0.0,0.116381,0.116381,3682.294921875,213.1679229736328,213.1679229736328,1.0
510,0.0,0.0,0.116381,0.116381,12826.3447265625,214.10752868652344,214.10752868652344,1.0
511,0.0,0.0,0.116381,0.116381,10484.841796875,214.13006591796875,214.13006591796875,1.0
512,0.0,0.0,0.116381,0.116381,5247.501953125,214.14407348632812,214.14407348632812,1.0
513,0.0,0.0,0.116381,0.116381,50912.48046875,214.1802978515625,214.1802978515625,1.0
514,0.0,0.0,0.116381,0.116381,31416.830078125,215.1029052734375,215.1029052734375,1.0
515,0.0,0.0,0.116381,0.116381,3621.541259765625,215.1179656982422,215.1179656982422,1.0
516,0.0,0.0,0.116381,0.116381,11047.5302734375,215.12551879882812,215.12551879882812,1.0
517,0.0,0.0,0.116381,0.116381,12566.1640625,215.13946533203125,215.13946533203125,1.0
518,0.0,0.0,0.116381,0.116381,9602.9384765625,215.16433715820312,215.16433715820312,1.0
519,0.0,0.0,0.116381,0.116381,3071.947998046875,216.06689453125,216.06689453125,1.0
520,0.0,0.0,0.116381,0.116381,3834.032958984375,216.1133270263672,216.1133270263672,1.0
521,0.0,0.0,0.116381,0.116381,21196.322265625,216.12318420410156,216.12318420410156,1.0
522,0.0,0.0,0.116381,0.116381,2735.04638671875,216.15966796875,216.15966796875,1.0
523,0.0,0.0,0.116381,0.116381,10777.80078125,216.1959228515625,216.1959228515625,1.0
524,0.0,0.0,0.116381,0.116381,2499.91748046875,218.10186767578125,218.10186767578125,1.0
525,0.0,0.0,0.116381,0.116381,4705.9365234375,218.11837768554688,218.11837768554688,1.0
526,0.0,0.0,0.116381,0.116381,2893.0947265625,218.12852478027344,218.12852478027344,1.0
527,0.0,0.0,0.116381,0.116381,20562.802734375,218.2115936279297,218.2115936279297,1.0
528,0.0,0.0,0.116381,0.116381,3775.58984375,218.9367218017578,218.9367218017578,1.0
529,0.0,0.0,0.116381,0.116381,4605.3779296875,219.1128387451172,219.1128387451172,1.0
530,0.0,0.0,0.116381,0.116381,3024.017822265625,219.17457580566406,219.17457580566406,1.0
531,0.0,0.0,0.116381,0.116381,3404.13623046875,220.10801696777344,220.10801696777344,1.0
532,0.0,0.0,0.116381,0.116381,4203.32861328125,220.13336181640625,220.13336181640625,1.0
533,0.0,0.0,0.116381,0.116381,5702.123046875,220.16970825195312,220.16970825195312,1.0
534,0.0,0.0,0.116381,0.116381,4367.62646484375,221.09254455566406,221.09254455566406,1.0
535,0.0,0.0,0.116381,0.116381,3000.378173828125,222.1127166748047,222.1127166748047,1.0
536,0.0,0.0,0.116381,0.116381,2650.06298828125,222.12380981445312,222.12380981445312,1.0
537,0.0,0.0,0.116381,0.116381,3093.474365234375,222.1470947265625,222.1470947265625,1.0
538,0.0,0.0,0.116381,0.116381,11017.921875,222.18539428710938,222.18539428710938,1.0
539,0.0,0.0,0.116381,0.116381,11806.041015625,223.10794067382812,223.10794067382812,1.0
540,0.0,0.0,0.116381,0.116381,3349.15966796875,223.14414978027344,223.14414978027344,1.0
541,0.0,0.0,0.116381,0.116381,3874.589599609375,223.18130493164062,223.18130493164062,1.0
542,0.0,0.0,0.116381,0.116381,3288.190185546875,223.2054901123047,223.2054901123047,1.0
543,0.0,0.0,0.116381,0.116381,4501.642578125,223.21710205078125,223.21710205078125,1.0
544,0.0,0.0,0.116381,0.116381,4002.79345703125,224.091796875,224.091796875,1.0
545,0.0,0.0,0.116381,0.116381,3040.6513671875,224.11264038085938,224.11264038085938,1.0
546,0.0,0.0,0.116381,0.116381,4594.5380859375,224.12806701660156,224.12806701660156,1.0
547,0.0,0.0,0.116381,0.116381,12376.8603515625,224.16473388671875,224.16473388671875,1.0
548,0.0,0.0,0.116381,0.116381,279154.3125,224.18576049804688,224.18576049804688,1.0
549,0.0,0.0,0.116381,0.116381,12006.205078125,225.1233367919922,225.1233367919922,1.0
550,0.0,0.0,0.116381,0.116381,3019.678955078125,225.1485595703125,225.1485595703125,1.0
551,0.0,0.0,0.116381,0.116381,4276.068359375,225.17129516601562,225.17129516601562,1.0
552,0.0,0.0,0.116381,0.116381,34674.390625,225.18922424316406,225.18922424316406,1.0
553,0.0,0.0,0.116381,0.116381,2603.913330078125,225.19546508789062,225.19546508789062,1.0
554,0.0,0.0,0.116381,0.116381,3741.532958984375,226.10777282714844,226.10777282714844,1.0
555,0.0,0.0,0.116381,0.116381,14595.9111328125,226.11874389648438,226.11874389648438,1.0
556,0.0,0.0,0.116381,0.116381,4966.05029296875,226.1439971923828,226.1439971923828,1.0
557,0.0,0.0,0.116381,0.116381,73704.4609375,226.1803741455078,226.1803741455078,1.0
558,0.0,0.0,0.116381,0.116381,2766.284423828125,226.21664428710938,226.21664428710938,1.0
559,0.0,0.0,0.116381,0.116381,3931.822509765625,227.10279846191406,227.10279846191406,1.0
560,0.0,0.0,0.116381,0.116381,3291.255859375,227.12774658203125,227.12774658203125,1.0
561,0.0,0.0,0.116381,0.116381,8713.375,227.13966369628906,227.13966369628906,1.0
562,0.0,0.0,0.116381,0.116381,15100.482421875,227.15054321289062,227.15054321289062,1.0
563,0.0,0.0,0.116381,0.116381,4265.8193359375,227.16419982910156,227.16419982910156,1.0
564,0.0,0.0,0.116381,0.116381,20495.822265625,227.1754150390625,227.1754150390625,1.0
565,0.0,0.0,0.116381,0.116381,2748.0859375,227.1837921142578,227.1837921142578,1.0
566,0.0,0.0,0.116381,0.116381,2733.05126953125,227.2010040283203,227.2010040283203,1.0
567,0.0,0.0,0.116381,0.116381,2364.491455078125,227.38026428222656,227.38026428222656,1.0
568,0.0,0.0,0.116381,0.116381,4519.0634765625,228.08680725097656,228.08680725097656,1.0
569,0.0,0.0,0.116381,0.116381,4266.61376953125,228.1232452392578,228.1232452392578,1.0
570,0.0,0.0,0.116381,0.116381,5334.01611328125,228.15975952148438,228.15975952148438,1.0
571,0.0,0.0,0.116381,0.116381,369271.15625,228.1959991455078,228.1959991455078,1.0
572,0.0,0.0,0.116381,0.116381,2506.356201171875,228.57769775390625,228.57769775390625,1.0
573,0.0,0.0,0.116381,0.116381,3242.66259765625,228.63360595703125,228.63360595703125,1.0
574,0.0,0.0,0.116381,0.116381,8938.2333984375,229.11839294433594,229.11839294433594,1.0
575,0.0,0.0,0.116381,0.116381,34610.21484375,229.14120483398438,229.14120483398438,1.0
576,0.0,0.0,0.116381,0.116381,3330.46142578125,229.1544952392578,229.1544952392578,1.0
577,0.0,0.0,0.116381,0.116381,17618.357421875,229.1802520751953,229.1802520751953,1.0
578,0.0,0.0,0.116381,0.116381,3405.103515625,229.19082641601562,229.19082641601562,1.0
579,0.0,0.0,0.116381,0.116381,52771.28125,229.19920349121094,229.19920349121094,1.0
580,0.0,0.0,0.116381,0.116381,3454.17431640625,230.1446075439453,230.1446075439453,1.0
581,0.0,0.0,0.116381,0.116381,4771.314453125,230.1752471923828,230.1752471923828,1.0
582,0.0,0.0,0.116381,0.116381,3984.625732421875,230.18344116210938,230.18344116210938,1.0
583,0.0,0.0,0.116381,0.116381,2770.44921875,230.20286560058594,230.20286560058594,1.0
584,0.0,0.0,0.116381,0.116381,2829.7080078125,230.2113037109375,230.2113037109375,1.0
585,0.0,0.0,0.116381,0.116381,26414.392578125,230.2478790283203,230.2478790283203,1.0
586,0.0,0.0,0.116381,0.116381,5224.8544921875,231.11297607421875,231.11297607421875,1.0
587,0.0,0.0,0.116381,0.116381,4579.04296875,232.1179656982422,232.1179656982422,1.0
588,0.0,0.0,0.116381,0.116381,3572.472412109375,233.11358642578125,233.11358642578125,1.0
589,0.0,0.0,0.116381,0.116381,5136.58154296875,233.12890625,233.12890625,1.0
590,0.0,0.0,0.116381,0.116381,4775.0595703125,233.14974975585938,233.14974975585938,1.0
591,0.0,0.0,0.116381,0.116381,3063.688720703125,233.1748504638672,233.1748504638672,1.0
592,0.0,0.0,0.116381,0.116381,83762.8359375,233.9149932861328,233.9149932861328,1.0
593,0.0,0.0,0.116381,0.116381,36403.30078125,234.0770263671875,234.0770263671875,1.0
594,0.0,0.0,0.116381,0.116381,13187.4658203125,234.9178009033203,234.9178009033203,1.0
595,0.0,0.0,0.116381,0.116381,3929.1318359375,235.10780334472656,235.10780334472656,1.0
596,0.0,0.0,0.116381,0.116381,3026.597900390625,235.1227264404297,235.1227264404297,1.0
597,0.0,0.0,0.116381,0.116381,70130.7890625,235.9131317138672,235.9131317138672,1.0
598,0.0,0.0,0.116381,0.116381,2708.80078125,236.0919952392578,236.0919952392578,1.0
599,0.0,0.0,0.116381,0.116381,3126.676025390625,236.112060546875,236.112060546875,1.0
600,0.0,0.0,0.116381,0.116381,2882.6123046875,236.1283416748047,236.1283416748047,1.0
601,0.0,0.0,0.116381,0.116381,3451.36572265625,236.16416931152344,236.16416931152344,1.0
602,0.0,0.0,0.116381,0.116381,2423.92236328125,236.17543029785156,236.17543029785156,1.0
603,0.0,0.0,0.116381,0.116381,4167.9892578125,237.15924072265625,237.15924072265625,1.0
604,0.0,0.0,0.116381,0.116381,2629.641357421875,237.17019653320312,237.17019653320312,1.0
605,0.0,0.0,0.116381,0.116381,3140.698486328125,237.18521118164062,237.18521118164062,1.0
606,0.0,0.0,0.116381,0.116381,5034.4619140625,237.2327880859375,237.2327880859375,1.0
607,0.0,0.0,0.116381,0.116381,18065.671875,237.9113311767578,237.9113311767578,1.0
608,0.0,0.0,0.116381,0.116381,2674.331298828125,238.10719299316406,238.10719299316406,1.0
609,0.0,0.0,0.116381,0.116381,2689.05908203125,238.17996215820312,238.17996215820312,1.0
610,0.0,0.0,0.116381,0.116381,4240.41357421875,238.21629333496094,238.21629333496094,1.0
611,0.0,0.0,0.116381,0.116381,3289.917236328125,239.102783203125,239.102783203125,1.0
612,0.0,0.0,0.116381,0.116381,3574.43603515625,239.12770080566406,239.12770080566406,1.0
613,0.0,0.0,0.116381,0.116381,34926.65234375,239.13931274414062,239.13931274414062,1.0
614,0.0,0.0,0.116381,0.116381,29309.248046875,239.14886474609375,239.14886474609375,1.0
615,0.0,0.0,0.116381,0.116381,3439.854248046875,239.16380310058594,239.16380310058594,1.0
616,0.0,0.0,0.116381,0.116381,3393.305419921875,239.21212768554688,239.21212768554688,1.0
617,0.0,0.0,0.116381,0.116381,3212.75146484375,240.14273071289062,240.14273071289062,1.0
618,0.0,0.0,0.116381,0.116381,3079.363037109375,240.16006469726562,240.16006469726562,1.0
619,0.0,0.0,0.116381,0.116381,12211.13671875,240.19619750976562,240.19619750976562,1.0
620,0.0,0.0,0.116381,0.116381,2582.5859375,240.23135375976562,240.23135375976562,1.0
621,0.0,0.0,0.116381,0.116381,14405.04296875,241.11817932128906,241.11817932128906,1.0
622,0.0,0.0,0.116381,0.116381,10482.224609375,241.15484619140625,241.15484619140625,1.0
623,0.0,0.0,0.116381,0.116381,3502.738037109375,241.17965698242188,241.17965698242188,1.0
624,0.0,0.0,0.116381,0.116381,9913.3525390625,241.21620178222656,241.21620178222656,1.0
625,0.0,0.0,0.116381,0.116381,3618.604736328125,241.22711181640625,241.22711181640625,1.0
626,0.0,0.0,0.116381,0.116381,10793.3095703125,242.10235595703125,242.10235595703125,1.0
627,0.0,0.0,0.116381,0.116381,9776.9287109375,242.13880920410156,242.13880920410156,1.0
628,0.0,0.0,0.116381,0.116381,17049.26171875,242.17495727539062,242.17495727539062,1.0
629,0.0,0.0,0.116381,0.116381,10450.294921875,242.21148681640625,242.21148681640625,1.0
630,0.0,0.0,0.116381,0.116381,10499.1904296875,243.13424682617188,243.13424682617188,1.0
631,0.0,0.0,0.116381,0.116381,5387.30078125,243.1592559814453,243.1592559814453,1.0
632,0.0,0.0,0.116381,0.116381,4824.32421875,243.2069549560547,243.2069549560547,1.0
633,0.0,0.0,0.116381,0.116381,5014.87158203125,244.1544647216797,244.1544647216797,1.0
634,0.0,0.0,0.116381,0.116381,80333.203125,244.19082641601562,244.19082641601562,1.0
635,0.0,0.0,0.116381,0.116381,3324.89013671875,245.1285858154297,245.1285858154297,1.0
636,0.0,0.0,0.116381,0.116381,10461.4853515625,245.17507934570312,245.17507934570312,1.0
637,0.0,0.0,0.116381,0.116381,10190.1904296875,245.19412231445312,245.19412231445312,1.0
638,0.0,0.0,0.116381,0.116381,15784.318359375,246.09730529785156,246.09730529785156,1.0
639,0.0,0.0,0.116381,0.116381,9541.1474609375,246.20648193359375,246.20648193359375,1.0
640,0.0,0.0,0.116381,0.116381,14113.341796875,246.24288940429688,246.24288940429688,1.0
641,0.0,0.0,0.116381,0.116381,2650.48046875,247.14389038085938,247.14389038085938,1.0
642,0.0,0.0,0.116381,0.116381,3053.653564453125,248.16456604003906,248.16456604003906,1.0
643,0.0,0.0,0.116381,0.116381,3097.2177734375,249.12286376953125,249.12286376953125,1.0
644,0.0,0.0,0.116381,0.116381,3059.633056640625,249.1702880859375,249.1702880859375,1.0
645,0.0,0.0,0.116381,0.116381,2837.925048828125,249.19590759277344,249.19590759277344,1.0
646,0.0,0.0,0.116381,0.116381,3399.358642578125,249.2059783935547,249.2059783935547,1.0
647,0.0,0.0,0.116381,0.116381,11234.1259765625,250.11875915527344,250.11875915527344,1.0
648,0.0,0.0,0.116381,0.116381,3764.83203125,250.14404296875,250.14404296875,1.0
649,0.0,0.0,0.116381,0.116381,78969.2265625,250.17779541015625,250.17779541015625,1.0
650,0.0,0.0,0.116381,0.116381,4858.4404296875,251.04664611816406,251.04664611816406,1.0
651,0.0,0.0,0.116381,0.116381,3545.450927734375,251.10256958007812,251.10256958007812,1.0
652,0.0,0.0,0.116381,0.116381,22861.87890625,251.16004943847656,251.16004943847656,1.0
653,0.0,0.0,0.116381,0.116381,2955.668701171875,251.17527770996094,251.17527770996094,1.0
654,0.0,0.0,0.116381,0.116381,9191.8466796875,251.1807098388672,251.1807098388672,1.0
655,0.0,0.0,0.116381,0.116381,9143.4716796875,251.98130798339844,251.98130798339844,1.0
656,0.0,0.0,0.116381,0.116381,12285.21875,252.10922241210938,252.10922241210938,1.0
657,0.0,0.0,0.116381,0.116381,2964.681396484375,252.15692138671875,252.15692138671875,1.0
658,0.0,0.0,0.116381,0.116381,3800.71728515625,252.1957244873047,252.1957244873047,1.0
659,0.0,0.0,0.116381,0.116381,25236.958984375,252.21701049804688,252.21701049804688,1.0
660,0.0,0.0,0.116381,0.116381,2763.59326171875,253.12904357910156,253.12904357910156,1.0
661,0.0,0.0,0.116381,0.116381,4358.18017578125,253.1794891357422,253.1794891357422,1.0
662,0.0,0.0,0.116381,0.116381,3858.565673828125,253.220703125,253.220703125,1.0
663,0.0,0.0,0.116381,0.116381,54967.93359375,254.1611785888672,254.1611785888672,1.0
664,0.0,0.0,0.116381,0.116381,9594.806640625,254.2115020751953,254.2115020751953,1.0
665,0.0,0.0,0.116381,0.116381,12321.8115234375,255.05538940429688,255.05538940429688,1.0
666,0.0,0.0,0.116381,0.116381,3461.438232421875,255.15846252441406,255.15846252441406,1.0
667,0.0,0.0,0.116381,0.116381,7808.56494140625,255.1645965576172,255.1645965576172,1.0
668,0.0,0.0,0.116381,0.116381,4388.11376953125,255.19570922851562,255.19570922851562,1.0
669,0.0,0.0,0.116381,0.116381,3753.677978515625,256.15447998046875,256.15447998046875,1.0
670,0.0,0.0,0.116381,0.116381,4486.2333984375,256.1763610839844,256.1763610839844,1.0
671,0.0,0.0,0.116381,0.116381,4002.638427734375,256.1910705566406,256.1910705566406,1.0
672,0.0,0.0,0.116381,0.116381,13646.943359375,256.22711181640625,256.22711181640625,1.0
673,0.0,0.0,0.116381,0.116381,14905.25390625,256.29986572265625,256.29986572265625,1.0
674,0.0,0.0,0.116381,0.116381,4316.25634765625,257.1498718261719,257.1498718261719,1.0
675,0.0,0.0,0.116381,0.116381,2734.39208984375,257.1606140136719,257.1606140136719,1.0
676,0.0,0.0,0.116381,0.116381,13913.9765625,257.2222900390625,257.2222900390625,1.0
677,0.0,0.0,0.116381,0.116381,4397.4296875,258.1341552734375,258.1341552734375,1.0
678,0.0,0.0,0.116381,0.116381,3234.245361328125,258.1705017089844,258.1705017089844,1.0
679,0.0,0.0,0.116381,0.116381,3550.950927734375,258.2059631347656,258.2059631347656,1.0
680,0.0,0.0,0.116381,0.116381,2878.83935546875,258.2799072265625,258.2799072265625,1.0
681,0.0,0.0,0.116381,0.116381,2889.0341796875,259.1083068847656,259.1083068847656,1.0
682,0.0,0.0,0.116381,0.116381,4625.86572265625,259.12890625,259.12890625,1.0
683,0.0,0.0,0.116381,0.116381,4572.833984375,260.1131591796875,260.1131591796875,1.0
684,0.0,0.0,0.116381,0.116381,3084.943603515625,260.132080078125,260.132080078125,1.0
685,0.0,0.0,0.116381,0.116381,3375.184326171875,260.2213439941406,260.2213439941406,1.0
686,0.0,0.0,0.116381,0.116381,13059.0966796875,261.1210021972656,261.1210021972656,1.0
687,0.0,0.0,0.116381,0.116381,5501.42626953125,261.1603698730469,261.1603698730469,1.0
688,0.0,0.0,0.116381,0.116381,2547.88330078125,262.14349365234375,262.14349365234375,1.0
689,0.0,0.0,0.116381,0.116381,4222.0322265625,263.0821228027344,263.0821228027344,1.0
690,0.0,0.0,0.116381,0.116381,2998.231689453125,263.1028747558594,263.1028747558594,1.0
691,0.0,0.0,0.116381,0.116381,2904.390625,264.1590576171875,264.1590576171875,1.0
692,0.0,0.0,0.116381,0.116381,9036.8466796875,264.2323913574219,264.2323913574219,1.0
693,0.0,0.0,0.116381,0.116381,4360.6240234375,265.118408203125,265.118408203125,1.0
694,0.0,0.0,0.116381,0.116381,21117.60546875,265.15484619140625,265.15484619140625,1.0
695,0.0,0.0,0.116381,0.116381,2887.69580078125,265.2166748046875,265.2166748046875,1.0
696,0.0,0.0,0.116381,0.116381,20854.0859375,266.1725158691406,266.1725158691406,1.0
697,0.0,0.0,0.116381,0.116381,3025.8974609375,266.1958923339844,266.1958923339844,1.0
698,0.0,0.0,0.116381,0.116381,4166.6171875,266.2113037109375,266.2113037109375,1.0
699,0.0,0.0,0.116381,0.116381,3241.375732421875,267.1127624511719,267.1127624511719,1.0
700,0.0,0.0,0.116381,0.116381,50038.09375,267.17181396484375,267.17181396484375,1.0
701,0.0,0.0,0.116381,0.116381,3051.868408203125,267.2317199707031,267.2317199707031,1.0
702,0.0,0.0,0.116381,0.116381,21641.00390625,268.10418701171875,268.10418701171875,1.0
703,0.0,0.0,0.116381,0.116381,3927.141845703125,268.15283203125,268.15283203125,1.0
704,0.0,0.0,0.116381,0.116381,9003.896484375,268.1750793457031,268.1750793457031,1.0
705,0.0,0.0,0.116381,0.116381,10178.83984375,268.1908874511719,268.1908874511719,1.0
706,0.0,0.0,0.116381,0.116381,4913.13916015625,268.22674560546875,268.22674560546875,1.0
707,0.0,0.0,0.116381,0.116381,5750.603515625,269.1132507324219,269.1132507324219,1.0
708,0.0,0.0,0.116381,0.116381,8324.5927734375,269.2110900878906,269.2110900878906,1.0
709,0.0,0.0,0.116381,0.116381,4198.76806640625,269.2479553222656,269.2479553222656,1.0
710,0.0,0.0,0.116381,0.116381,23586.193359375,270.0970458984375,270.0970458984375,1.0
711,0.0,0.0,0.116381,0.116381,12226.78125,270.1925048828125,270.1925048828125,1.0
712,0.0,0.0,0.116381,0.116381,8630.38671875,270.2060546875,270.2060546875,1.0
713,0.0,0.0,0.116381,0.116381,4096.11572265625,270.24298095703125,270.24298095703125,1.0
714,0.0,0.0,0.116381,0.116381,5036.326171875,271.2267761230469,271.2267761230469,1.0
715,0.0,0.0,0.116381,0.116381,3899.2060546875,272.1852111816406,272.1852111816406,1.0
716,0.0,0.0,0.116381,0.116381,9801.017578125,272.2220458984375,272.2220458984375,1.0
717,0.0,0.0,0.116381,0.116381,11577.7509765625,272.2583312988281,272.2583312988281,1.0
718,0.0,0.0,0.116381,0.116381,29243.62109375,273.1346435546875,273.1346435546875,1.0
719,0.0,0.0,0.116381,0.116381,11974.6806640625,273.253662109375,273.253662109375,1.0
720,0.0,0.0,0.116381,0.116381,2859.359130859375,273.2613220214844,273.2613220214844,1.0
721,0.0,0.0,0.116381,0.116381,4516.1845703125,274.1383972167969,274.1383972167969,1.0
722,0.0,0.0,0.116381,0.116381,66572.3203125,274.2742004394531,274.2742004394531,1.0
723,0.0,0.0,0.116381,0.116381,15090.87109375,275.2773742675781,275.2773742675781,1.0
724,0.0,0.0,0.116381,0.116381,89539.3203125,276.1581726074219,276.1581726074219,1.0
725,0.0,0.0,0.116381,0.116381,9810.71875,276.1958312988281,276.1958312988281,1.0
726,0.0,0.0,0.116381,0.116381,11402.671875,276.6595458984375,276.6595458984375,1.0
727,0.0,0.0,0.116381,0.116381,4769.24609375,277.1666564941406,277.1666564941406,1.0
728,0.0,0.0,0.116381,0.116381,3879.4287109375,278.211181640625,278.211181640625,1.0
729,0.0,0.0,0.116381,0.116381,10792.9384765625,278.2481384277344,278.2481384277344,1.0
730,0.0,0.0,0.116381,0.116381,13540.822265625,278.9033203125,278.9033203125,1.0
731,0.0,0.0,0.116381,0.116381,18113.677734375,279.15960693359375,279.15960693359375,1.0
732,0.0,0.0,0.116381,0.116381,3255.56396484375,279.2314758300781,279.2314758300781,1.0
733,0.0,0.0,0.116381,0.116381,3867.55859375,280.16259765625,280.16259765625,1.0
734,0.0,0.0,0.116381,0.116381,4219.6572265625,280.2268371582031,280.2268371582031,1.0
735,0.0,0.0,0.116381,0.116381,14136.6416015625,280.2637023925781,280.2637023925781,1.0
736,0.0,0.0,0.116381,0.116381,3881.371826171875,280.983642578125,280.983642578125,1.0
737,0.0,0.0,0.116381,0.116381,4182.39306640625,281.1732177734375,281.1732177734375,1.0
738,0.0,0.0,0.116381,0.116381,4874.25048828125,281.2474365234375,281.2474365234375,1.0
739,0.0,0.0,0.116381,0.116381,2581.20703125,281.258544921875,281.258544921875,1.0
740,0.0,0.0,0.116381,0.116381,3547.464111328125,281.26641845703125,281.26641845703125,1.0
741,0.0,0.0,0.116381,0.116381,3057.2744140625,282.11932373046875,282.11932373046875,1.0
742,0.0,0.0,0.116381,0.116381,3525.132080078125,282.20623779296875,282.20623779296875,1.0
743,0.0,0.0,0.116381,0.116381,11922.7021484375,282.2793273925781,282.2793273925781,1.0
744,0.0,0.0,0.116381,0.116381,3333.994140625,283.1754150390625,283.1754150390625,1.0
745,0.0,0.0,0.116381,0.116381,4314.69677734375,284.1553649902344,284.1553649902344,1.0
746,0.0,0.0,0.116381,0.116381,4271.00244140625,284.19683837890625,284.19683837890625,1.0
747,0.0,0.0,0.116381,0.116381,3134.147216796875,284.258544921875,284.258544921875,1.0
748,0.0,0.0,0.116381,0.116381,9859.9951171875,284.294677734375,284.294677734375,1.0
749,0.0,0.0,0.116381,0.116381,5316.984375,285.2054443359375,285.2054443359375,1.0
750,0.0,0.0,0.116381,0.116381,3922.26806640625,287.124267578125,287.124267578125,1.0
751,0.0,0.0,0.116381,0.116381,3233.287109375,287.1768798828125,287.1768798828125,1.0
752,0.0,0.0,0.116381,0.116381,10865.7412109375,287.2214050292969,287.2214050292969,1.0
753,0.0,0.0,0.116381,0.116381,3249.666015625,287.2325134277344,287.2325134277344,1.0
754,0.0,0.0,0.116381,0.116381,4272.8818359375,288.0126953125,288.0126953125,1.0
755,0.0,0.0,0.116381,0.116381,2751.578857421875,288.1077880859375,288.1077880859375,1.0
756,0.0,0.0,0.116381,0.116381,4167.94189453125,288.1489562988281,288.1489562988281,1.0
757,0.0,0.0,0.116381,0.116381,3437.945068359375,288.21710205078125,288.21710205078125,1.0
758,0.0,0.0,0.116381,0.116381,10247.2138671875,288.2530517578125,288.2530517578125,1.0
759,0.0,0.0,0.116381,0.116381,4746.94189453125,289.2738342285156,289.2738342285156,1.0
760,0.0,0.0,0.116381,0.116381,4218.123046875,290.26873779296875,290.26873779296875,1.0
761,0.0,0.0,0.116381,0.116381,38766.01953125,291.145263671875,291.145263671875,1.0
762,0.0,0.0,0.116381,0.116381,84576.390625,291.1634826660156,291.1634826660156,1.0
763,0.0,0.0,0.116381,0.116381,26744.439453125,291.66510009765625,291.66510009765625,1.0
764,0.0,0.0,0.116381,0.116381,2651.3251953125,292.14776611328125,292.14776611328125,1.0
765,0.0,0.0,0.116381,0.116381,13110.0029296875,292.1663818359375,292.1663818359375,1.0
766,0.0,0.0,0.116381,0.116381,4940.32861328125,292.2269592285156,292.2269592285156,1.0
767,0.0,0.0,0.116381,0.116381,12256.7001953125,293.16082763671875,293.16082763671875,1.0
768,0.0,0.0,0.116381,0.116381,10163.9580078125,293.1817321777344,293.1817321777344,1.0
769,0.0,0.0,0.116381,0.116381,2891.34423828125,293.20831298828125,293.20831298828125,1.0
770,0.0,0.0,0.116381,0.116381,9133.26953125,294.2426452636719,294.2426452636719,1.0
771,0.0,0.0,0.116381,0.116381,8767.6748046875,295.2266540527344,295.2266540527344,1.0
772,0.0,0.0,0.116381,0.116381,18491.154296875,296.2586975097656,296.2586975097656,1.0
773,0.0,0.0,0.116381,0.116381,4255.16796875,297.2427062988281,297.2427062988281,1.0
774,0.0,0.0,0.116381,0.116381,3753.03125,297.2789306640625,297.2789306640625,1.0
775,0.0,0.0,0.116381,0.116381,4570.8955078125,297.9602355957031,297.9602355957031,1.0
776,0.0,0.0,0.116381,0.116381,4634.39892578125,298.2375183105469,298.2375183105469,1.0
777,0.0,0.0,0.116381,0.116381,3305.827880859375,298.27447509765625,298.27447509765625,1.0
778,0.0,0.0,0.116381,0.116381,2678.0576171875,298.9029846191406,298.9029846191406,1.0
779,0.0,0.0,0.116381,0.116381,2771.447509765625,299.1372985839844,299.1372985839844,1.0
780,0.0,0.0,0.116381,0.116381,13107.2529296875,299.16082763671875,299.16082763671875,1.0
781,0.0,0.0,0.116381,0.116381,9835.6181640625,300.2016296386719,300.2016296386719,1.0
782,0.0,0.0,0.116381,0.116381,5784.587890625,301.1230163574219,301.1230163574219,1.0
783,0.0,0.0,0.116381,0.116381,3615.324951171875,301.14141845703125,301.14141845703125,1.0
784,0.0,0.0,0.116381,0.116381,2709.068115234375,302.2326354980469,302.2326354980469,1.0
785,0.0,0.0,0.116381,0.116381,10531.732421875,302.305419921875,302.305419921875,1.0
786,0.0,0.0,0.116381,0.116381,4197.46533203125,303.1629333496094,303.1629333496094,1.0
787,0.0,0.0,0.116381,0.116381,3635.5869140625,304.17572021484375,304.17572021484375,1.0
788,0.0,0.0,0.116381,0.116381,4058.44580078125,304.22705078125,304.22705078125,1.0
789,0.0,0.0,0.116381,0.116381,18456.572265625,304.2484436035156,304.2484436035156,1.0
790,0.0,0.0,0.116381,0.116381,3311.420654296875,304.3000183105469,304.3000183105469,1.0
791,0.0,0.0,0.116381,0.116381,12254.5322265625,306.1688232421875,306.1688232421875,1.0
792,0.0,0.0,0.116381,0.116381,5575.37255859375,306.2425231933594,306.2425231933594,1.0
793,0.0,0.0,0.116381,0.116381,4134.53369140625,306.3001708984375,306.3001708984375,1.0
794,0.0,0.0,0.116381,0.116381,3372.841796875,306.669921875,306.669921875,1.0
795,0.0,0.0,0.116381,0.116381,3830.743408203125,307.1578063964844,307.1578063964844,1.0
796,0.0,0.0,0.116381,0.116381,2410.201416015625,307.1741638183594,307.1741638183594,1.0
797,0.0,0.0,0.116381,0.116381,2633.502197265625,307.2380065917969,307.2380065917969,1.0
798,0.0,0.0,0.116381,0.116381,2575.134521484375,308.11248779296875,308.11248779296875,1.0
799,0.0,0.0,0.116381,0.116381,2456.04296875,308.22100830078125,308.22100830078125,1.0
800,0.0,0.0,0.116381,0.116381,4268.12841796875,308.29571533203125,308.29571533203125,1.0
801,0.0,0.0,0.116381,0.116381,10560.6435546875,309.2043762207031,309.2043762207031,1.0
802,0.0,0.0,0.116381,0.116381,3341.621337890625,309.22698974609375,309.22698974609375,1.0
803,0.0,0.0,0.116381,0.116381,3053.5927734375,309.24273681640625,309.24273681640625,1.0
804,0.0,0.0,0.116381,0.116381,4600.81640625,310.2380676269531,310.2380676269531,1.0
805,0.0,0.0,0.116381,0.116381,46678.38671875,310.3106384277344,310.3106384277344,1.0
806,0.0,0.0,0.116381,0.116381,2988.140625,311.0740051269531,311.0740051269531,1.0
807,0.0,0.0,0.116381,0.116381,4076.2138671875,311.1253662109375,311.1253662109375,1.0
808,0.0,0.0,0.116381,0.116381,3487.45361328125,311.2215881347656,311.2215881347656,1.0
809,0.0,0.0,0.116381,0.116381,3876.4951171875,311.2695007324219,311.2695007324219,1.0
810,0.0,0.0,0.116381,0.116381,12990.8203125,311.3139343261719,311.3139343261719,1.0
811,0.0,0.0,0.116381,0.116381,3853.2626953125,311.9447021484375,311.9447021484375,1.0
812,0.0,0.0,0.116381,0.116381,3845.271728515625,312.2533874511719,312.2533874511719,1.0
813,0.0,0.0,0.116381,0.116381,2764.07763671875,313.1761474609375,313.1761474609375,1.0
814,0.0,0.0,0.116381,0.116381,3063.29052734375,313.237548828125,313.237548828125,1.0
815,0.0,0.0,0.116381,0.116381,35110.01171875,314.26904296875,314.26904296875,1.0
816,0.0,0.0,0.116381,0.116381,8482.8359375,316.28497314453125,316.28497314453125,1.0
817,0.0,0.0,0.116381,0.116381,2614.114990234375,319.2840881347656,319.2840881347656,1.0
818,0.0,0.0,0.116381,0.116381,2472.609375,320.2553405761719,320.2553405761719,1.0
819,0.0,0.0,0.116381,0.116381,2444.3720703125,320.2877502441406,320.2877502441406,1.0
820,0.0,0.0,0.116381,0.116381,2999.552490234375,321.2404479980469,321.2404479980469,1.0
821,0.0,0.0,0.116381,0.116381,4053.364013671875,321.31597900390625,321.31597900390625,1.0
822,0.0,0.0,0.116381,0.116381,3732.58203125,321.3265686035156,321.3265686035156,1.0
823,0.0,0.0,0.116381,0.116381,3156.53564453125,322.201171875,322.201171875,1.0
824,0.0,0.0,0.116381,0.116381,9546.1142578125,322.21258544921875,322.21258544921875,1.0
825,0.0,0.0,0.116381,0.116381,2401.91943359375,322.3188781738281,322.3188781738281,1.0
826,0.0,0.0,0.116381,0.116381,3821.813720703125,323.2568054199219,323.2568054199219,1.0
827,0.0,0.0,0.116381,0.116381,3216.3759765625,324.21685791015625,324.21685791015625,1.0
828,0.0,0.0,0.116381,0.116381,12441.2744140625,324.28985595703125,324.28985595703125,1.0
829,0.0,0.0,0.116381,0.116381,4636.68115234375,326.2686767578125,326.2686767578125,1.0
830,0.0,0.0,0.116381,0.116381,3934.26416015625,326.3053894042969,326.3053894042969,1.0
831,0.0,0.0,0.116381,0.116381,11649.650390625,327.0079650878906,327.0079650878906,1.0
832,0.0,0.0,0.116381,0.116381,3706.8447265625,328.24884033203125,328.24884033203125,1.0
833,0.0,0.0,0.116381,0.116381,4232.27978515625,328.2856750488281,328.2856750488281,1.0
834,0.0,0.0,0.116381,0.116381,5296.67431640625,329.0053405761719,329.0053405761719,1.0
835,0.0,0.0,0.116381,0.116381,2949.344482421875,329.1864013671875,329.1864013671875,1.0
836,0.0,0.0,0.116381,0.116381,10282.9443359375,330.18060302734375,330.18060302734375,1.0
837,0.0,0.0,0.116381,0.116381,3173.48876953125,330.21942138671875,330.21942138671875,1.0
838,0.0,0.0,0.116381,0.116381,3841.91796875,330.2642517089844,330.2642517089844,1.0
839,0.0,0.0,0.116381,0.116381,11871.353515625,330.33660888671875,330.33660888671875,1.0
840,0.0,0.0,0.116381,0.116381,3095.448486328125,331.15533447265625,331.15533447265625,1.0
841,0.0,0.0,0.116381,0.116381,5054.490234375,332.1856384277344,332.1856384277344,1.0
842,0.0,0.0,0.116381,0.116381,2562.666748046875,333.203857421875,333.203857421875,1.0
843,0.0,0.0,0.116381,0.116381,13193.7783203125,333.3001403808594,333.3001403808594,1.0
844,0.0,0.0,0.116381,0.116381,3385.6728515625,334.164794921875,334.164794921875,1.0
845,0.0,0.0,0.116381,0.116381,4199.66064453125,334.235107421875,334.235107421875,1.0
846,0.0,0.0,0.116381,0.116381,4632.46435546875,334.31011962890625,334.31011962890625,1.0
847,0.0,0.0,0.116381,0.116381,2840.123291015625,335.31378173828125,335.31378173828125,1.0
848,0.0,0.0,0.116381,0.116381,5578.6123046875,336.2517395019531,336.2517395019531,1.0
849,0.0,0.0,0.116381,0.116381,16436.84765625,336.31109619140625,336.31109619140625,1.0
850,0.0,0.0,0.116381,0.116381,51846.828125,336.3261413574219,336.3261413574219,1.0
851,0.0,0.0,0.116381,0.116381,43249.7578125,337.18743896484375,337.18743896484375,1.0
852,0.0,0.0,0.116381,0.116381,4092.322265625,337.3296203613281,337.3296203613281,1.0
853,0.0,0.0,0.116381,0.116381,4054.666748046875,338.1900329589844,338.1900329589844,1.0
854,0.0,0.0,0.116381,0.116381,962123.25,338.34185791015625,338.34185791015625,1.0
855,0.0,0.0,0.116381,0.116381,2631.92626953125,339.1940002441406,339.1940002441406,1.0
856,0.0,0.0,0.116381,0.116381,228655.53125,339.3453063964844,339.3453063964844,1.0
857,0.0,0.0,0.116381,0.116381,5168.166015625,340.2593078613281,340.2593078613281,1.0
858,0.0,0.0,0.116381,0.116381,27224.8359375,340.3485107421875,340.3485107421875,1.0
859,0.0,0.0,0.116381,0.116381,5396.2060546875,340.35772705078125,340.35772705078125,1.0
860,0.0,0.0,0.116381,0.116381,3811.844970703125,342.2997131347656,342.2997131347656,1.0
861,0.0,0.0,0.116381,0.116381,5049.62939453125,342.3368835449219,342.3368835449219,1.0
862,0.0,0.0,0.116381,0.116381,3212.68212890625,343.1530456542969,343.1530456542969,1.0
863,0.0,0.0,0.116381,0.116381,2656.81298828125,343.16546630859375,343.16546630859375,1.0
864,0.0,0.0,0.116381,0.116381,31121.419921875,343.2957458496094,343.2957458496094,1.0
865,0.0,0.0,0.116381,0.116381,10396.6025390625,344.2281799316406,344.2281799316406,1.0
866,0.0,0.0,0.116381,0.116381,2799.40283203125,344.278564453125,344.278564453125,1.0
867,0.0,0.0,0.116381,0.116381,3187.947509765625,344.2997741699219,344.2997741699219,1.0
868,0.0,0.0,0.116381,0.116381,2729.372802734375,344.31671142578125,344.31671142578125,1.0
869,0.0,0.0,0.116381,0.116381,4312.39990234375,346.25927734375,346.25927734375,1.0
870,0.0,0.0,0.116381,0.116381,2431.261962890625,347.2557373046875,347.2557373046875,1.0
871,0.0,0.0,0.116381,0.116381,2584.228271484375,347.3161315917969,347.3161315917969,1.0
872,0.0,0.0,0.116381,0.116381,10801.6376953125,348.1790771484375,348.1790771484375,1.0
873,0.0,0.0,0.116381,0.116381,5112.99755859375,348.2882385253906,348.2882385253906,1.0
874,0.0,0.0,0.116381,0.116381,2568.412353515625,348.30908203125,348.30908203125,1.0
875,0.0,0.0,0.116381,0.116381,3395.014892578125,348.67950439453125,348.67950439453125,1.0
876,0.0,0.0,0.116381,0.116381,3439.01953125,350.2308654785156,350.2308654785156,1.0
877,0.0,0.0,0.116381,0.116381,12765.21875,350.3050231933594,350.3050231933594,1.0
878,0.0,0.0,0.116381,0.116381,11394.2509765625,350.32666015625,350.32666015625,1.0
879,0.0,0.0,0.116381,0.116381,5074.64111328125,351.21478271484375,351.21478271484375,1.0
880,0.0,0.0,0.116381,0.116381,44795.7890625,352.3213806152344,352.3213806152344,1.0
881,0.0,0.0,0.116381,0.116381,17183.833984375,353.18194580078125,353.18194580078125,1.0
882,0.0,0.0,0.116381,0.116381,10065.341796875,353.26800537109375,353.26800537109375,1.0
883,0.0,0.0,0.116381,0.116381,4918.1171875,353.3247375488281,353.3247375488281,1.0
884,0.0,0.0,0.116381,0.116381,2791.157958984375,354.2853698730469,354.2853698730469,1.0
885,0.0,0.0,0.116381,0.116381,17629.412109375,354.3369445800781,354.3369445800781,1.0
886,0.0,0.0,0.116381,0.116381,14883.9599609375,355.3684387207031,355.3684387207031,1.0
887,0.0,0.0,0.116381,0.116381,3042.97021484375,356.2801208496094,356.2801208496094,1.0
888,0.0,0.0,0.116381,0.116381,3206.168701171875,356.31561279296875,356.31561279296875,1.0
889,0.0,0.0,0.116381,0.116381,3337.837890625,356.3526306152344,356.3526306152344,1.0
890,0.0,0.0,0.116381,0.116381,11270.7431640625,357.1849060058594,357.1849060058594,1.0
891,0.0,0.0,0.116381,0.116381,3390.25048828125,358.20050048828125,358.20050048828125,1.0
892,0.0,0.0,0.116381,0.116381,2830.58984375,358.30816650390625,358.30816650390625,1.0
893,0.0,0.0,0.116381,0.116381,35422.37109375,358.3680419921875,358.3680419921875,1.0
894,0.0,0.0,0.116381,0.116381,3819.999267578125,359.3713073730469,359.3713073730469,1.0
895,0.0,0.0,0.116381,0.116381,2660.9814453125,360.2997131347656,360.2997131347656,1.0
896,0.0,0.0,0.116381,0.116381,44627.30078125,360.3235168457031,360.3235168457031,1.0
897,0.0,0.0,0.116381,0.116381,15516.7705078125,361.2221374511719,361.2221374511719,1.0
898,0.0,0.0,0.116381,0.116381,15952.5234375,361.3271789550781,361.3271789550781,1.0
899,0.0,0.0,0.116381,0.116381,2801.802734375,362.267822265625,362.267822265625,1.0
900,0.0,0.0,0.116381,0.116381,3672.271728515625,363.1730041503906,363.1730041503906,1.0
901,0.0,0.0,0.116381,0.116381,4337.6875,363.310546875,363.310546875,1.0
902,0.0,0.0,0.116381,0.116381,3022.406005859375,364.2843933105469,364.2843933105469,1.0
903,0.0,0.0,0.116381,0.116381,5166.03173828125,364.3423767089844,364.3423767089844,1.0
904,0.0,0.0,0.116381,0.116381,5202.2861328125,366.300048828125,366.300048828125,1.0
905,0.0,0.0,0.116381,0.116381,12771.19921875,366.3731384277344,366.3731384277344,1.0
906,0.0,0.0,0.116381,0.116381,3863.89599609375,367.3320617675781,367.3320617675781,1.0
907,0.0,0.0,0.116381,0.116381,2824.061767578125,368.1660461425781,368.1660461425781,1.0
908,0.0,0.0,0.116381,0.116381,12875.30859375,368.3161315917969,368.3161315917969,1.0
909,0.0,0.0,0.116381,0.116381,3092.213623046875,369.38446044921875,369.38446044921875,1.0
910,0.0,0.0,0.116381,0.116381,2787.908935546875,370.23486328125,370.23486328125,1.0
911,0.0,0.0,0.116381,0.116381,71682.0234375,370.2952880859375,370.2952880859375,1.0
912,0.0,0.0,0.116381,0.116381,4820.55810546875,370.3311767578125,370.3311767578125,1.0
913,0.0,0.0,0.116381,0.116381,3770.374755859375,370.98193359375,370.98193359375,1.0
914,0.0,0.0,0.116381,0.116381,11573.271484375,371.2987365722656,371.2987365722656,1.0
915,0.0,0.0,0.116381,0.116381,8811.3955078125,371.315673828125,371.315673828125,1.0
916,0.0,0.0,0.116381,0.116381,13550.1728515625,371.3270263671875,371.3270263671875,1.0
917,0.0,0.0,0.116381,0.116381,9825.580078125,372.190185546875,372.190185546875,1.0
918,0.0,0.0,0.116381,0.116381,9135.9775390625,372.3476867675781,372.3476867675781,1.0
919,0.0,0.0,0.116381,0.116381,14149.5712890625,374.3028869628906,374.3028869628906,1.0
920,0.0,0.0,0.116381,0.116381,3384.4443359375,374.9038391113281,374.9038391113281,1.0
921,0.0,0.0,0.116381,0.116381,2612.052001953125,375.9024963378906,375.9024963378906,1.0
922,0.0,0.0,0.116381,0.116381,15175.5966796875,375.9378967285156,375.9378967285156,1.0
923,0.0,0.0,0.116381,0.116381,13730.8779296875,376.318603515625,376.318603515625,1.0
924,0.0,0.0,0.116381,0.116381,2775.473388671875,377.2300720214844,377.2300720214844,1.0
925,0.0,0.0,0.116381,0.116381,4228.314453125,377.3262634277344,377.3262634277344,1.0
926,0.0,0.0,0.116381,0.116381,2684.6962890625,378.3578796386719,378.3578796386719,1.0
927,0.0,0.0,0.116381,0.116381,2858.669189453125,380.2792053222656,380.2792053222656,1.0
928,0.0,0.0,0.116381,0.116381,18251.39453125,380.3377685546875,380.3377685546875,1.0
929,0.0,0.0,0.116381,0.116381,2689.9541015625,382.315185546875,382.315185546875,1.0
930,0.0,0.0,0.116381,0.116381,3349.8798828125,383.0705261230469,383.0705261230469,1.0
931,0.0,0.0,0.116381,0.116381,14035.5341796875,383.2040710449219,383.2040710449219,1.0
932,0.0,0.0,0.116381,0.116381,3802.395751953125,383.21697998046875,383.21697998046875,1.0
933,0.0,0.0,0.116381,0.116381,31808.751953125,383.399658203125,383.399658203125,1.0
934,0.0,0.0,0.116381,0.116381,13139.96484375,384.31146240234375,384.31146240234375,1.0
935,0.0,0.0,0.116381,0.116381,12275.54296875,384.4027099609375,384.4027099609375,1.0
936,0.0,0.0,0.116381,0.116381,3600.610107421875,386.2818298339844,386.2818298339844,1.0
937,0.0,0.0,0.116381,0.116381,3885.65576171875,386.32666015625,386.32666015625,1.0
938,0.0,0.0,0.116381,0.116381,5060.19482421875,388.254150390625,388.254150390625,1.0
939,0.0,0.0,0.116381,0.116381,18972.298828125,388.29736328125,388.29736328125,1.0
940,0.0,0.0,0.116381,0.116381,2837.419677734375,389.3012390136719,389.3012390136719,1.0
941,0.0,0.0,0.116381,0.116381,11705.873046875,390.29705810546875,390.29705810546875,1.0
942,0.0,0.0,0.116381,0.116381,9967.7158203125,390.31298828125,390.31298828125,1.0
943,0.0,0.0,0.116381,0.116381,87198.0859375,391.28424072265625,391.28424072265625,1.0
944,0.0,0.0,0.116381,0.116381,15986.974609375,392.28887939453125,392.28887939453125,1.0
945,0.0,0.0,0.116381,0.116381,4075.8994140625,392.3134460449219,392.3134460449219,1.0
946,0.0,0.0,0.116381,0.116381,10455.5771484375,393.2972412109375,393.2972412109375,1.0
947,0.0,0.0,0.116381,0.116381,3019.337158203125,394.3290100097656,394.3290100097656,1.0
948,0.0,0.0,0.116381,0.116381,27138.265625,394.3529357910156,394.3529357910156,1.0
949,0.0,0.0,0.116381,0.116381,3196.0166015625,395.3559875488281,395.3559875488281,1.0
950,0.0,0.0,0.116381,0.116381,10458.6376953125,396.33221435546875,396.33221435546875,1.0
951,0.0,0.0,0.116381,0.116381,11828.4677734375,397.2947998046875,397.2947998046875,1.0
952,0.0,0.0,0.116381,0.116381,13188.8369140625,398.37359619140625,398.37359619140625,1.0
953,0.0,0.0,0.116381,0.116381,2846.7509765625,399.28326416015625,399.28326416015625,1.0
954,0.0,0.0,0.116381,0.116381,3206.907958984375,399.3582458496094,399.3582458496094,1.0
955,0.0,0.0,0.116381,0.116381,2847.16162109375,399.3944091796875,399.3944091796875,1.0
956,0.0,0.0,0.116381,0.116381,3484.720703125,399.8912658691406,399.8912658691406,1.0
957,0.0,0.0,0.116381,0.116381,3364.555419921875,400.2433776855469,400.2433776855469,1.0
958,0.0,0.0,0.116381,0.116381,9866.9580078125,400.88763427734375,400.88763427734375,1.0
959,0.0,0.0,0.116381,0.116381,3412.140380859375,402.2763671875,402.2763671875,1.0
960,0.0,0.0,0.116381,0.116381,4182.07763671875,402.3946228027344,402.3946228027344,1.0
961,0.0,0.0,0.116381,0.116381,18193.248046875,403.2325134277344,403.2325134277344,1.0
962,0.0,0.0,0.116381,0.116381,14024.42578125,405.1998596191406,405.1998596191406,1.0
963,0.0,0.0,0.116381,0.116381,8206.94140625,406.2805480957031,406.2805480957031,1.0
964,0.0,0.0,0.116381,0.116381,36956.77734375,408.30859375,408.30859375,1.0
965,0.0,0.0,0.116381,0.116381,10292.4609375,408.36822509765625,408.36822509765625,1.0
966,0.0,0.0,0.116381,0.116381,12317.5673828125,409.31158447265625,409.31158447265625,1.0
967,0.0,0.0,0.116381,0.116381,2740.015625,410.04779052734375,410.04779052734375,1.0
968,0.0,0.0,0.116381,0.116381,2759.751220703125,410.2790222167969,410.2790222167969,1.0
969,0.0,0.0,0.116381,0.116381,10907.8740234375,410.3174133300781,410.3174133300781,1.0
970,0.0,0.0,0.116381,0.116381,3925.0869140625,410.34765625,410.34765625,1.0
971,0.0,0.0,0.116381,0.116381,3873.324951171875,412.2953796386719,412.2953796386719,1.0
972,0.0,0.0,0.116381,0.116381,13454.7890625,413.2127685546875,413.2127685546875,1.0
973,0.0,0.0,0.116381,0.116381,34104.98046875,413.2660827636719,413.2660827636719,1.0
974,0.0,0.0,0.116381,0.116381,4017.552978515625,414.2696533203125,414.2696533203125,1.0
975,0.0,0.0,0.116381,0.116381,108771.1875,414.3214416503906,414.3214416503906,1.0
976,0.0,0.0,0.116381,0.116381,4517.82373046875,414.3583679199219,414.3583679199219,1.0
977,0.0,0.0,0.116381,0.116381,3331.306396484375,415.0423278808594,415.0423278808594,1.0
978,0.0,0.0,0.116381,0.116381,21189.009765625,415.324462890625,415.324462890625,1.0
979,0.0,0.0,0.116381,0.116381,4205.15185546875,419.2752380371094,419.2752380371094,1.0
980,0.0,0.0,0.116381,0.116381,38050.20703125,419.31549072265625,419.31549072265625,1.0
981,0.0,0.0,0.116381,0.116381,12312.5673828125,420.31884765625,420.31884765625,1.0
982,0.0,0.0,0.116381,0.116381,4615.5302734375,421.2085876464844,421.2085876464844,1.0
983,0.0,0.0,0.116381,0.116381,3000.8466796875,421.22222900390625,421.22222900390625,1.0
984,0.0,0.0,0.116381,0.116381,4257.0966796875,424.0971374511719,424.0971374511719,1.0
985,0.0,0.0,0.116381,0.116381,21303.673828125,424.36334228515625,424.36334228515625,1.0
986,0.0,0.0,0.116381,0.116381,17586.353515625,425.21502685546875,425.21502685546875,1.0
987,0.0,0.0,0.116381,0.116381,3524.90869140625,425.3644104003906,425.3644104003906,1.0
988,0.0,0.0,0.116381,0.116381,3336.071044921875,426.0933837890625,426.0933837890625,1.0
989,0.0,0.0,0.116381,0.116381,4869.14306640625,426.21826171875,426.21826171875,1.0
990,0.0,0.0,0.116381,0.116381,5319.595703125,428.3380432128906,428.3380432128906,1.0
991,0.0,0.0,0.116381,0.116381,29956.44140625,431.38446044921875,431.38446044921875,1.0
992,0.0,0.0,0.116381,0.116381,3335.7734375,432.281005859375,432.281005859375,1.0
993,0.0,0.0,0.116381,0.116381,9258.2021484375,432.386474609375,432.386474609375,1.0
994,0.0,0.0,0.116381,0.116381,8713.7236328125,433.3311767578125,433.3311767578125,1.0
995,0.0,0.0,0.116381,0.116381,21333.701171875,436.34271240234375,436.34271240234375,1.0
996,0.0,0.0,0.116381,0.116381,11298.1748046875,437.3452453613281,437.3452453613281,1.0
997,0.0,0.0,0.116381,0.116381,26578.443359375,438.37872314453125,438.37872314453125,1.0
998,0.0,0.0,0.116381,0.116381,3927.692138671875,438.8412780761719,438.8412780761719,1.0
999,0.0,0.0,0.116381,0.116381,4524.59033203125,439.38275146484375,439.38275146484375,1.0
1000,0.0,0.0,0.116381,0.116381,11504.123046875,440.35888671875,440.35888671875,1.0
1001,0.0,0.0,0.116381,0.116381,18050.3046875,441.2972412109375,441.2972412109375,1.0
1002,0.0,0.0,0.116381,0.116381,5438.14404296875,442.3013610839844,442.3013610839844,1.0
1003,0.0,0.0,0.116381,0.116381,15445.4521484375,447.3461608886719,447.3461608886719,1.0
1004,0.0,0.0,0.116381,0.116381,3357.876220703125,447.39654541015625,447.39654541015625,1.0
1005,0.0,0.0,0.116381,0.116381,9649.6669921875,452.3944396972656,452.3944396972656,1.0
1006,0.0,0.0,0.116381,0.116381,18266.25,452.88134765625,452.88134765625,1.0
1007,0.0,0.0,0.116381,0.116381,4489.138671875,453.880615234375,453.880615234375,1.0
1008,0.0,0.0,0.116381,0.116381,5036.04541015625,454.292236328125,454.292236328125,1.0
1009,0.0,0.0,0.116381,0.116381,5772.84033203125,454.37371826171875,454.37371826171875,1.0
1010,0.0,0.0,0.116381,0.116381,79457.6484375,458.3475646972656,458.3475646972656,1.0
1011,0.0,0.0,0.116381,0.116381,18515.603515625,459.3504333496094,459.3504333496094,1.0
1012,0.0,0.0,0.116381,0.116381,3689.218994140625,463.3022766113281,463.3022766113281,1.0
1013,0.0,0.0,0.116381,0.116381,4682.24169921875,464.3741455078125,464.3741455078125,1.0
1014,0.0,0.0,0.116381,0.116381,3578.838134765625,468.22589111328125,468.22589111328125,1.0
1015,0.0,0.0,0.116381,0.116381,21839.244140625,468.3894958496094,468.3894958496094,1.0
1016,0.0,0.0,0.116381,0.116381,11600.078125,469.3282470703125,469.3282470703125,1.0
1017,0.0,0.0,0.116381,0.116381,4553.66650390625,472.3625183105469,472.3625183105469,1.0
1018,0.0,0.0,0.116381,0.116381,3441.55322265625,473.3678894042969,473.3678894042969,1.0
1019,0.0,0.0,0.116381,0.116381,3588.75830078125,482.3689880371094,482.3689880371094,1.0
1020,0.0,0.0,0.116381,0.116381,13124.595703125,482.40521240234375,482.40521240234375,1.0
1021,0.0,0.0,0.116381,0.116381,10029.873046875,484.3837890625,484.3837890625,1.0
1022,0.0,0.0,0.116381,0.116381,3989.603759765625,487.2306823730469,487.2306823730469,1.0
1023,0.0,0.0,0.116381,0.116381,2938.46875,488.3932189941406,488.3932189941406,1.0
1024,0.0,0.0,0.116381,0.116381,3801.819580078125,492.4540710449219,492.4540710449219,1.0
1025,0.0,0.0,0.116381,0.116381,2953.129638671875,493.35009765625,493.35009765625,1.0
1026,0.0,0.0,0.116381,0.116381,2852.081787109375,494.4059143066406,494.4059143066406,1.0
1027,0.0,0.0,0.116381,0.116381,10065.6318359375,496.4208068847656,496.4208068847656,1.0
1028,0.0,0.0,0.116381,0.116381,4474.89794921875,498.4005432128906,498.4005432128906,1.0
1029,0.0,0.0,0.116381,0.116381,40966.921875,502.3736572265625,502.3736572265625,1.0
1030,0.0,0.0,0.116381,0.116381,13898.15625,503.3770446777344,503.3770446777344,1.0
1031,0.0,0.0,0.116381,0.116381,2720.880126953125,508.3987121582031,508.3987121582031,1.0
1032,0.0,0.0,0.116381,0.116381,14310.681640625,512.4158935546875,512.4158935546875,1.0
1033,0.0,0.0,0.116381,0.116381,3133.12255859375,516.4251098632812,516.4251098632812,1.0
1034,0.0,0.0,0.116381,0.116381,4238.3662109375,526.4306030273438,526.4306030273438,1.0
1035,0.0,0.0,0.116381,0.116381,3428.94287109375,527.4341430664062,527.4341430664062,1.0
1036,0.0,0.0,0.116381,0.116381,19557.609375,528.41015625,528.41015625,1.0
1037,0.0,0.0,0.116381,0.116381,2871.880615234375,529.3842163085938,529.3842163085938,1.0
1038,0.0,0.0,0.116381,0.116381,18632.57421875,532.4400024414062,532.4400024414062,1.0
1039,0.0,0.0,0.116381,0.116381,2723.71484375,533.3638305664062,533.3638305664062,1.0
1040,0.0,0.0,0.116381,0.116381,3852.087158203125,533.44384765625,533.44384765625,1.0
1041,0.0,0.0,0.116381,0.116381,9780.650390625,537.3953247070312,537.3953247070312,1.0
1042,0.0,0.0,0.116381,0.116381,3016.103271484375,537.534912109375,537.534912109375,1.0
1043,0.0,0.0,0.116381,0.116381,23264.46875,546.4014282226562,546.4014282226562,1.0
1044,0.0,0.0,0.116381,0.116381,5245.681640625,547.4032592773438,547.4032592773438,1.0
1045,0.0,0.0,0.116381,0.116381,3300.949951171875,549.4144287109375,549.4144287109375,1.0
1046,0.0,0.0,0.116381,0.116381,5812.30810546875,556.44287109375,556.44287109375,1.0
1047,0.0,0.0,0.116381,0.116381,3247.7841796875,561.4483032226562,561.4483032226562,1.0
1048,0.0,0.0,0.116381,0.116381,2992.447265625,565.5691528320312,565.5691528320312,1.0
1049,0.0,0.0,0.116381,0.116381,4553.16064453125,570.4563598632812,570.4563598632812,1.0
1050,0.0,0.0,0.116381,0.116381,12039.9111328125,572.4366455078125,572.4366455078125,1.0
1051,0.0,0.0,0.116381,0.116381,24502.853515625,579.150146484375,579.150146484375,1.0
1052,0.0,0.0,0.116381,0.116381,15061.3916015625,590.4264526367188,590.4264526367188,1.0
1053,0.0,0.0,0.116381,0.116381,5216.767578125,595.1444091796875,595.1444091796875,1.0
1054,0.0,0.0,0.116381,0.116381,3076.6220703125,600.4701538085938,600.4701538085938,1.0
1055,0.0,0.0,0.116381,0.116381,9526.9658203125,616.4627685546875,616.4627685546875,1.0
1056,0.0,0.0,0.116381,0.116381,4739.40234375,634.4520874023438,634.4520874023438,1.0
1057,0.0,0.0,0.116381,0.116381,3753.5322265625,658.5098876953125,658.5098876953125,1.0
1058,0.0,0.0,0.116381,0.116381,2835.333984375,660.488525390625,660.488525390625,1.0
1059,0.0,0.0,0.116381,0.116381,5206.42333984375,663.4524536132812,663.4524536132812,1.0
1060,0.0,0.0,0.116381,0.116381,5143.52490234375,664.4561157226562,664.4561157226562,1.0
1061,0.0,0.0,0.116381,0.116381,2579.5859375,665.4921875,665.4921875,1.0
1062,0.0,0.0,0.116381,0.116381,22575.056640625,675.676025390625,675.676025390625,1.0
1063,0.0,0.0,0.116381,0.116381,14935.7158203125,676.6788940429688,676.6788940429688,1.0
1064,0.0,0.0,0.116381,0.116381,22585.01171875,680.4806518554688,680.4806518554688,1.0
1065,0.0,0.0,0.116381,0.116381,15205.2314453125,681.4825439453125,681.4825439453125,1.0
1066,0.0,0.0,0.116381,0.116381,3579.90185546875,682.4867553710938,682.4867553710938,1.0
1067,0.0,0.0,0.116381,0.116381,3946.0380859375,685.4320068359375,685.4320068359375,1.0
1068,0.0,0.0,0.116381,0.116381,3440.737548828125,694.6117553710938,694.6117553710938,1.0
1069,0.0,0.0,0.116381,0.116381,19447.701171875,708.511962890625,708.511962890625,1.0
1070,0.0,0.0,0.116381,0.116381,13340.796875,709.5135498046875,709.5135498046875,1.0
1071,0.0,0.0,0.116381,0.116381,3014.857666015625,710.5162963867188,710.5162963867188,1.0
1072,0.0,0.0,0.116381,0.116381,2878.884521484375,722.6417846679688,722.6417846679688,1.0
1073,0.0,0.0,0.116381,0.116381,3726.90380859375,737.30615234375,737.30615234375,1.0
1074,0.0,0.0,0.116381,0.116381,11573.650390625,738.4760131835938,738.4760131835938,1.0
1075,0.0,0.0,0.116381,0.116381,3283.489990234375,740.6740112304688,740.6740112304688,1.0
1076,0.0,0.0,0.116381,0.116381,2874.942138671875,745.5977172851562,745.5977172851562,1.0
1077,0.0,0.0,0.116381,0.116381,4265.44921875,766.6907348632812,766.6907348632812,1.0
1078,0.0,0.0,0.116381,0.116381,4106.4462890625,768.7059326171875,768.7059326171875,1.0
1079,0.0,0.0,0.116381,0.116381,10155.666015625,780.70654296875,780.70654296875,1.0
1080,0.0,0.0,0.116381,0.116381,3367.070068359375,781.7061767578125,781.7061767578125,1.0
1081,0.0,0.0,0.116381,0.116381,4044.603515625,782.7213134765625,782.7213134765625,1.0
1082,0.0,0.0,0.116381,0.116381,4641.384765625,785.6640625,785.6640625,1.0
1083,0.0,0.0,0.116381,0.116381,5052.953125,792.7070922851562,792.7070922851562,1.0
1084,0.0,0.0,0.116381,0.116381,16603.7734375,794.72314453125,794.72314453125,1.0
1085,0.0,0.0,0.116381,0.116381,3950.263671875,795.7237548828125,795.7237548828125,1.0
1086,0.0,0.0,0.116381,0.116381,2858.683837890625,798.62841796875,798.62841796875,1.0
1087,0.0,0.0,0.116381,0.116381,9804.4873046875,799.6779174804688,799.6779174804688,1.0
1088,0.0,0.0,0.116381,0.116381,3760.169677734375,801.6907958984375,801.6907958984375,1.0
1089,0.0,0.0,0.116381,0.116381,3190.0126953125,806.7195434570312,806.7195434570312,1.0
1090,0.0,0.0,0.116381,0.116381,11862.3056640625,808.7364501953125,808.7364501953125,1.0
1091,0.0,0.0,0.116381,0.116381,5732.72021484375,809.74169921875,809.74169921875,1.0
1092,0.0,0.0,0.116381,0.116381,10314.80078125,810.75244140625,810.75244140625,1.0
1093,0.0,0.0,0.116381,0.116381,2914.665771484375,811.6751708984375,811.6751708984375,1.0
1094,0.0,0.0,0.116381,0.116381,5558.06005859375,813.693115234375,813.693115234375,1.0
1095,0.0,0.0,0.116381,0.116381,19181.947265625,820.7376708984375,820.7376708984375,1.0
1096,0.0,0.0,0.116381,0.116381,9985.7880859375,821.7409057617188,821.7409057617188,1.0
1097,0.0,0.0,0.116381,0.116381,11271.1171875,822.7513427734375,822.7513427734375,1.0
1098,0.0,0.0,0.116381,0.116381,3108.678955078125,826.6939697265625,826.6939697265625,1.0
1099,0.0,0.0,0.116381,0.116381,3392.0048828125,828.7122192382812,828.7122192382812,1.0
1100,0.0,0.0,0.116381,0.116381,11310.162109375,834.752685546875,834.752685546875,1.0
1101,0.0,0.0,0.116381,0.116381,4246.61572265625,835.7557373046875,835.7557373046875,1.0
1102,0.0,0.0,0.116381,0.116381,5804.08447265625,836.7647094726562,836.7647094726562,1.0
1103,0.0,0.0,0.116381,0.116381,4558.35400390625,846.7533569335938,846.7533569335938,1.0
1104,0.0,0.0,0.116381,0.116381,11508.7099609375,848.76708984375,848.76708984375,1.0
1105,0.0,0.0,0.116381,0.116381,3852.85986328125,849.7766723632812,849.7766723632812,1.0
1106,0.0,0.0,0.116381,0.116381,3297.2373046875,850.7810668945312,850.7810668945312,1.0
1107,0.0,0.0,0.116381,0.116381,3575.86279296875,853.7247924804688,853.7247924804688,1.0
1108,0.0,0.0,0.116381,0.116381,3329.9951171875,854.7294311523438,854.7294311523438,1.0
1109,0.0,0.0,0.116381,0.116381,3217.2109375,874.7809448242188,874.7809448242188,1.0
1110,0.0,0.0,0.116381,0.116381,3090.919677734375,878.7308959960938,878.7308959960938,1.0
1111,0.0,0.0,0.116381,0.116381,3447.287109375,896.7725219726562,896.7725219726562,1.0
1112,0.0,0.0,0.116381,0.116381,2860.053466796875,933.278076171875,933.278076171875,1.0
